BATTERY,3,99.194388,5000350.000000,,
BATTERY,3,99.193946,5001214.010000,,
BATTERY,3,99.193935,5001284.010000,,
BATTERY,3,99.193494,5002148.020000,,
BATTERY,3,99.193248,5003674.040000,,
BATTERY,3,99.192806,5004538.050000,,
BATTERY,3,99.192573,5005984.070000,,
BATTERY,3,99.192132,5006848.080000,,
BATTERY,3,99.192075,5007198.080000,,
BATTERY,3,99.191634,5008062.090000,,
BATTERY,3,99.141366,5320070.000000,,
BATTERY,3,99.140924,5320934.010000,,
BATTERY,3,99.050815,5880230.000000,,
BATTERY,3,99.050374,5881094.010000,,
BATTERY,3,99.031199,6000110.000000,,
BATTERY,3,99.030855,6000782.010000,,
BATTERY,3,99.030828,6000952.010000,,
BATTERY,3,99.030828,6000952.010000,,
BATTERY,3,99.030828,6000952.010000,,
BATTERY,3,99.030828,6000952.010000,,
BATTERY,3,99.030828,6000952.010000,,
BATTERY,3,99.030828,6000952.010000,,
BATTERY,3,99.030828,6000952.010000,,
BATTERY,3,99.030828,6000952.010000,,
BATTERY,3,99.030828,6000952.010000,,
BATTERY,3,99.030514,6001624.020000,,
BATTERY,3,99.030514,6001624.020000,,
BATTERY,3,99.030514,6001624.020000,,
BATTERY,3,99.030514,6001624.020000,,
BATTERY,3,99.030514,6001624.020000,,
BATTERY,3,99.030514,6001624.020000,,
BATTERY,3,99.030514,6001624.020000,,
BATTERY,3,99.030514,6001624.020000,,
BATTERY,3,99.030514,6001624.020000,,
BATTERY,3,99.030503,6001694.020000,,
BATTERY,3,99.030160,6002366.030000,,
BATTERY,3,99.030119,6002616.030000,,
BATTERY,3,99.029776,6003288.040000,,
BATTERY,3,99.029463,6005232.010000,,
BATTERY,3,99.029119,6005904.020000,,
BATTERY,3,99.029108,6005974.020000,,
BATTERY,3,99.028764,6006646.030000,,
BATTERY,3,99.028731,6006856.030000,,
BATTERY,3,99.028387,6007528.040000,,
BATTERY,3,99.028373,6007618.040000,,
BATTERY,3,99.028029,6008290.050000,,
BATTERY,3,98.932622,6600470.000000,,
BATTERY,3,98.932181,6601334.010000,,
BATTERY,3,98.867940,7000070.000000,,
BATTERY,3,98.867596,7000742.010000,,
BATTERY,3,98.867547,7001052.010000,,
BATTERY,3,98.867203,7001724.020000,,
BATTERY,3,98.867189,7001814.020000,,
BATTERY,3,98.866845,7002486.030000,,
BATTERY,3,98.866845,7002486.030000,,
BATTERY,3,98.866824,7002616.030000,,
BATTERY,3,98.866481,7003288.040000,,
BATTERY,3,98.866463,7003398.040000,,
BATTERY,3,98.866463,7003398.040000,,
BATTERY,3,98.866463,7003398.040000,,
BATTERY,3,98.866463,7003398.040000,,
BATTERY,3,98.866463,7003398.040000,,
BATTERY,3,98.866463,7003398.040000,,
BATTERY,3,98.866463,7003398.040000,,
BATTERY,3,98.866463,7003398.040000,,
BATTERY,3,98.866463,7003398.040000,,
BATTERY,3,98.866149,7004070.050000,,
BATTERY,3,98.866149,7004070.050000,,
BATTERY,3,98.866149,7004070.050000,,
BATTERY,3,98.866149,7004070.050000,,
BATTERY,3,98.866149,7004070.050000,,
BATTERY,3,98.866149,7004070.050000,,
BATTERY,3,98.866149,7004070.050000,,
BATTERY,3,98.866149,7004070.050000,,
BATTERY,3,98.866149,7004070.050000,,
BATTERY,3,98.866149,7004070.050000,,
BATTERY,3,98.865319,7009222.060000,,
BATTERY,3,98.864976,7009894.070000,,
BATTERY,3,98.864948,7010064.070000,,
BATTERY,3,98.864605,7010736.080000,,
BATTERY,3,98.801815,7400470.000000,,
BATTERY,3,98.801373,7401334.010000,,
BATTERY,3,98.800421,7407243.120000,,
BATTERY,3,98.800182,7407755.130000,,
BATTERY,3,98.800180,7407765.130000,,
BATTERY,3,98.800025,7408069.140000,,
BATTERY,3,98.704213,8002762.060000,,
BATTERY,3,98.703870,8003434.070000,,
BATTERY,3,98.703846,8003584.070000,,
BATTERY,3,98.703502,8004256.080000,,
BATTERY,3,98.703491,8004326.080000,,
BATTERY,3,98.703491,8004326.080000,,
BATTERY,3,98.703491,8004326.080000,,
BATTERY,3,98.703491,8004326.080000,,
BATTERY,3,98.703491,8004326.080000,,
BATTERY,3,98.703491,8004326.080000,,
BATTERY,3,98.703491,8004326.080000,,
BATTERY,3,98.703491,8004326.080000,,
BATTERY,3,98.703491,8004326.080000,,
BATTERY,3,98.703177,8004998.090000,,
BATTERY,3,98.703177,8004998.090000,,
BATTERY,3,98.703177,8004998.090000,,
BATTERY,3,98.703177,8004998.090000,,
BATTERY,3,98.703177,8004998.090000,,
BATTERY,3,98.703177,8004998.090000,,
BATTERY,3,98.703177,8004998.090000,,
BATTERY,3,98.703177,8004998.090000,,
BATTERY,3,98.703177,8004998.090000,,
BATTERY,3,98.702870,8006908.090000,,
BATTERY,3,98.702526,8007580.100000,,
BATTERY,3,98.702512,8007670.100000,,
BATTERY,3,98.702168,8008342.110000,,
BATTERY,3,98.702154,8008432.110000,,
BATTERY,3,98.701810,8009104.120000,,
BATTERY,3,98.701490,8011094.120000,,
BATTERY,3,98.701146,8011766.130000,,
BATTERY,3,98.701128,8011876.130000,,
BATTERY,3,98.700785,8012548.140000,,
BATTERY,3,98.676844,8161143.830000,,
BATTERY,3,98.676501,8161815.840000,,
BATTERY,3,98.540965,9003075.010000,,
BATTERY,3,98.540621,9003747.020000,,
BATTERY,3,98.540604,9003857.020000,,
BATTERY,3,98.540260,9004529.030000,,
BATTERY,3,98.540249,9004599.030000,,
BATTERY,3,98.539905,9005271.040000,,
BATTERY,3,98.539891,9005361.040000,,
BATTERY,3,98.539547,9006033.050000,,
BATTERY,3,98.539530,9006143.050000,,
BATTERY,3,98.539186,9006815.060000,,
BATTERY,3,98.539169,9006925.060000,,
BATTERY,3,98.539169,9006925.060000,,
BATTERY,3,98.539169,9006925.060000,,
BATTERY,3,98.539169,9006925.060000,,
BATTERY,3,98.539169,9006925.060000,,
BATTERY,3,98.539169,9006925.060000,,
BATTERY,3,98.539169,9006925.060000,,
BATTERY,3,98.539169,9006925.060000,,
BATTERY,3,98.539169,9006925.060000,,
BATTERY,3,98.538855,9007597.070000,,
BATTERY,3,98.538855,9007597.070000,,
BATTERY,3,98.538855,9007597.070000,,
BATTERY,3,98.538855,9007597.070000,,
BATTERY,3,98.538855,9007597.070000,,
BATTERY,3,98.538855,9007597.070000,,
BATTERY,3,98.538855,9007597.070000,,
BATTERY,3,98.538855,9007597.070000,,
BATTERY,3,98.538855,9007597.070000,,
BATTERY,3,98.538837,9007707.070000,,
BATTERY,3,98.538494,9008379.080000,,
BATTERY,3,98.538476,9008489.080000,,
BATTERY,3,98.538133,9009161.090000,,
BATTERY,3,98.537558,9012727.110000,,
BATTERY,3,98.537215,9013399.120000,,
BATTERY,3,98.396066,9889492.660000,,
BATTERY,3,98.395723,9890164.670000,,
BATTERY,3,98.377467,10003473.300000,,
BATTERY,3,98.377124,10004145.310000,,
BATTERY,3,98.377113,10004215.310000,,
BATTERY,3,98.377113,10004215.310000,,
BATTERY,3,98.377113,10004215.310000,,
BATTERY,3,98.377113,10004215.310000,,
BATTERY,3,98.377113,10004215.310000,,
BATTERY,3,98.377113,10004215.310000,,
BATTERY,3,98.377113,10004215.310000,,
BATTERY,3,98.377113,10004215.310000,,
BATTERY,3,98.377113,10004215.310000,,
BATTERY,3,98.376799,10004887.320000,,
BATTERY,3,98.376799,10004887.320000,,
BATTERY,3,98.376799,10004887.320000,,
BATTERY,3,98.376799,10004887.320000,,
BATTERY,3,98.376799,10004887.320000,,
BATTERY,3,98.376799,10004887.320000,,
BATTERY,3,98.376799,10004887.320000,,
BATTERY,3,98.376799,10004887.320000,,
BATTERY,3,98.376799,10004887.320000,,
BATTERY,3,98.376318,10007873.340000,,
BATTERY,3,98.375974,10008545.350000,,
BATTERY,3,98.375957,10008655.350000,,
BATTERY,3,98.375613,10009327.360000,,
BATTERY,3,98.375596,10009437.360000,,
BATTERY,3,98.375252,10010109.370000,,
BATTERY,3,98.375252,10010109.370000,,
BATTERY,3,98.375234,10010219.370000,,
BATTERY,3,98.374891,10010891.380000,,
BATTERY,3,98.374867,10011041.380000,,
BATTERY,3,98.374523,10011713.390000,,
BATTERY,3,98.373517,10017959.410000,,
BATTERY,3,98.373173,10018631.420000,,
BATTERY,3,98.221859,10957823.300000,,
BATTERY,3,98.221516,10958495.310000,,
BATTERY,3,98.214697,11000817.550000,,
BATTERY,3,98.214697,11000817.550000,,
BATTERY,3,98.214697,11000817.550000,,
BATTERY,3,98.214697,11000817.550000,,
BATTERY,3,98.214697,11000817.550000,,
BATTERY,3,98.214697,11000817.550000,,
BATTERY,3,98.214697,11000817.550000,,
BATTERY,3,98.214697,11000817.550000,,
BATTERY,3,98.214697,11000817.550000,,
BATTERY,3,98.214384,11001489.560000,,
BATTERY,3,98.214384,11001489.560000,,
BATTERY,3,98.214384,11001489.560000,,
BATTERY,3,98.214384,11001489.560000,,
BATTERY,3,98.214384,11001489.560000,,
BATTERY,3,98.214384,11001489.560000,,
BATTERY,3,98.214384,11001489.560000,,
BATTERY,3,98.214384,11001489.560000,,
BATTERY,3,98.214384,11001489.560000,,
BATTERY,3,98.213880,11004615.580000,,
BATTERY,3,98.213536,11005287.590000,,
BATTERY,3,98.213536,11005287.590000,,
BATTERY,3,98.213516,11005417.590000,,
BATTERY,3,98.213172,11006089.600000,,
BATTERY,3,98.213158,11006179.600000,,
BATTERY,3,98.212814,11006851.610000,,
BATTERY,3,98.212803,11006921.610000,,
BATTERY,3,98.212459,11007593.620000,,
BATTERY,3,98.212448,11007663.620000,,
BATTERY,3,98.212105,11008335.630000,,
BATTERY,3,98.212080,11008485.630000,,
BATTERY,3,98.211737,11009157.640000,,
BATTERY,3,98.211737,11009157.640000,,
BATTERY,3,98.051966,12000839.560000,,
BATTERY,3,98.051622,12001511.570000,,
BATTERY,3,98.051622,12001511.570000,,
BATTERY,3,98.051602,12001641.570000,,
BATTERY,3,98.051258,12002313.580000,,
BATTERY,3,98.051258,12002313.580000,,
BATTERY,3,98.050384,12007739.600000,,
BATTERY,3,98.050384,12007739.600000,,
BATTERY,3,98.050384,12007739.600000,,
BATTERY,3,98.050384,12007739.600000,,
BATTERY,3,98.050384,12007739.600000,,
BATTERY,3,98.050384,12007739.600000,,
BATTERY,3,98.050384,12007739.600000,,
BATTERY,3,98.050384,12007739.600000,,
BATTERY,3,98.050384,12007739.600000,,
BATTERY,3,98.050070,12008411.610000,,
BATTERY,3,98.050070,12008411.610000,,
BATTERY,3,98.050070,12008411.610000,,
BATTERY,3,98.050070,12008411.610000,,
BATTERY,3,98.050070,12008411.610000,,
BATTERY,3,98.050070,12008411.610000,,
BATTERY,3,98.050070,12008411.610000,,
BATTERY,3,98.050070,12008411.610000,,
BATTERY,3,98.050070,12008411.610000,,
BATTERY,3,98.050059,12008481.610000,,
BATTERY,3,98.049716,12009153.620000,,
BATTERY,3,98.049716,12009153.620000,,
BATTERY,3,98.049225,12012199.640000,,
BATTERY,3,98.048881,12012871.650000,,
BATTERY,3,98.048870,12012941.650000,,
BATTERY,3,98.048527,12013613.660000,,
BATTERY,3,98.043433,12045227.840000,,
BATTERY,3,98.043090,12045899.850000,,
BATTERY,3,97.888473,13005588.500000,,
BATTERY,3,97.888130,13006260.510000,,
BATTERY,3,97.888112,13006370.510000,,
BATTERY,3,97.887769,13007042.520000,,
BATTERY,3,97.887748,13007172.520000,,
BATTERY,3,97.887404,13007844.530000,,
BATTERY,3,97.887386,13007954.530000,,
BATTERY,3,97.887043,13008626.540000,,
BATTERY,3,97.886565,13011592.560000,,
BATTERY,3,97.886222,13012264.570000,,
BATTERY,3,97.886178,13012534.570000,,
BATTERY,3,97.886178,13012534.570000,,
BATTERY,3,97.886178,13012534.570000,,
BATTERY,3,97.886178,13012534.570000,,
BATTERY,3,97.886178,13012534.570000,,
BATTERY,3,97.886178,13012534.570000,,
BATTERY,3,97.886178,13012534.570000,,
BATTERY,3,97.886178,13012534.570000,,
BATTERY,3,97.886178,13012534.570000,,
BATTERY,3,97.885864,13013206.580000,,
BATTERY,3,97.885864,13013206.580000,,
BATTERY,3,97.885864,13013206.580000,,
BATTERY,3,97.885864,13013206.580000,,
BATTERY,3,97.885864,13013206.580000,,
BATTERY,3,97.885864,13013206.580000,,
BATTERY,3,97.885864,13013206.580000,,
BATTERY,3,97.885864,13013206.580000,,
BATTERY,3,97.885864,13013206.580000,,
BATTERY,3,97.885864,13013206.580000,,
BATTERY,3,97.885361,13016332.600000,,
BATTERY,3,97.885017,13017004.610000,,
BATTERY,3,97.884462,13020450.630000,,
BATTERY,3,97.884119,13021122.640000,,
BATTERY,3,97.869978,13108893.140000,,
BATTERY,3,97.869634,13109565.150000,,
BATTERY,3,97.725935,14001494.200000,,
BATTERY,3,97.725935,14001494.200000,,
BATTERY,3,97.725591,14002166.210000,,
BATTERY,3,97.725591,14002166.210000,,
BATTERY,3,97.725567,14002316.210000,,
BATTERY,3,97.725224,14002988.220000,,
BATTERY,3,97.725212,14003058.220000,,
BATTERY,3,97.724869,14003730.230000,,
BATTERY,3,97.724858,14003800.230000,,
BATTERY,3,97.724514,14004472.240000,,
BATTERY,3,97.723173,14012794.280000,,
BATTERY,3,97.722830,14013466.290000,,
BATTERY,3,97.722346,14016472.310000,,
BATTERY,3,97.722346,14016472.310000,,
BATTERY,3,97.722346,14016472.310000,,
BATTERY,3,97.722346,14016472.310000,,
BATTERY,3,97.722346,14016472.310000,,
BATTERY,3,97.722346,14016472.310000,,
BATTERY,3,97.722346,14016472.310000,,
BATTERY,3,97.722346,14016472.310000,,
BATTERY,3,97.722346,14016472.310000,,
BATTERY,3,97.722032,14017144.320000,,
BATTERY,3,97.722032,14017144.320000,,
BATTERY,3,97.722032,14017144.320000,,
BATTERY,3,97.722032,14017144.320000,,
BATTERY,3,97.722032,14017144.320000,,
BATTERY,3,97.722032,14017144.320000,,
BATTERY,3,97.722032,14017144.320000,,
BATTERY,3,97.722032,14017144.320000,,
BATTERY,3,97.722032,14017144.320000,,
BATTERY,3,97.721959,14017594.320000,,
BATTERY,3,97.721616,14018266.330000,,
BATTERY,3,97.720163,14027284.390000,,
BATTERY,3,97.719820,14027956.400000,,
BATTERY,3,97.696165,14174779.240000,,
BATTERY,3,97.695821,14175451.250000,,
BATTERY,3,97.562721,15001592.900000,,
BATTERY,3,97.562377,15002264.910000,,
BATTERY,3,97.562356,15002394.910000,,
BATTERY,3,97.562013,15003066.920000,,
BATTERY,3,97.561705,15004976.920000,,
BATTERY,3,97.561362,15005648.930000,,
BATTERY,3,97.561341,15005778.930000,,
BATTERY,3,97.560997,15006450.940000,,
BATTERY,3,97.560997,15006450.940000,,
BATTERY,3,97.560967,15006640.940000,,
BATTERY,3,97.560967,15006640.940000,,
BATTERY,3,97.560967,15006640.940000,,
BATTERY,3,97.560967,15006640.940000,,
BATTERY,3,97.560967,15006640.940000,,
BATTERY,3,97.560967,15006640.940000,,
BATTERY,3,97.560967,15006640.940000,,
BATTERY,3,97.560967,15006640.940000,,
BATTERY,3,97.560967,15006640.940000,,
BATTERY,3,97.560653,15007312.950000,,
BATTERY,3,97.560653,15007312.950000,,
BATTERY,3,97.560653,15007312.950000,,
BATTERY,3,97.560653,15007312.950000,,
BATTERY,3,97.560653,15007312.950000,,
BATTERY,3,97.560653,15007312.950000,,
BATTERY,3,97.560653,15007312.950000,,
BATTERY,3,97.560653,15007312.950000,,
BATTERY,3,97.560653,15007312.950000,,
BATTERY,3,97.560639,15007402.950000,,
BATTERY,3,97.560295,15008074.960000,,
BATTERY,3,97.560281,15008164.960000,,
BATTERY,3,97.559937,15008836.970000,,
BATTERY,3,97.559408,15012122.990000,,
BATTERY,3,97.559064,15012795.000000,,
BATTERY,3,97.521575,15245487.340000,,
BATTERY,3,97.521231,15246159.350000,,
BATTERY,3,97.399395,16002386.030000,,
BATTERY,3,97.399051,16003058.040000,,
BATTERY,3,97.399030,16003188.040000,,
BATTERY,3,97.398687,16003860.050000,,
BATTERY,3,97.397816,16009266.070000,,
BATTERY,3,97.397473,16009938.080000,,
BATTERY,3,97.397461,16010008.080000,,
BATTERY,3,97.397118,16010680.090000,,
BATTERY,3,97.397103,16010770.090000,,
BATTERY,3,97.396760,16011442.100000,,
BATTERY,3,97.396736,16011592.100000,,
BATTERY,3,97.396736,16011592.100000,,
BATTERY,3,97.396736,16011592.100000,,
BATTERY,3,97.396736,16011592.100000,,
BATTERY,3,97.396736,16011592.100000,,
BATTERY,3,97.396736,16011592.100000,,
BATTERY,3,97.396736,16011592.100000,,
BATTERY,3,97.396736,16011592.100000,,
BATTERY,3,97.396736,16011592.100000,,
BATTERY,3,97.396422,16012264.110000,,
BATTERY,3,97.396422,16012264.110000,,
BATTERY,3,97.396422,16012264.110000,,
BATTERY,3,97.396422,16012264.110000,,
BATTERY,3,97.396422,16012264.110000,,
BATTERY,3,97.396422,16012264.110000,,
BATTERY,3,97.396422,16012264.110000,,
BATTERY,3,97.396422,16012264.110000,,
BATTERY,3,97.396422,16012264.110000,,
BATTERY,3,97.396408,16012354.110000,,
BATTERY,3,97.396064,16013026.120000,,
BATTERY,3,97.396043,16013156.120000,,
BATTERY,3,97.395700,16013828.130000,,
BATTERY,3,97.395154,16017214.150000,,
BATTERY,3,97.394811,16017886.160000,,
BATTERY,3,97.345468,16324152.700000,,
BATTERY,3,97.345124,16324824.710000,,
BATTERY,3,97.235908,17002716.540000,,
BATTERY,3,97.235565,17003388.550000,,
BATTERY,3,97.235550,17003478.550000,,
BATTERY,3,97.235207,17004150.560000,,
BATTERY,3,97.234890,17006120.560000,,
BATTERY,3,97.234546,17006792.570000,,
BATTERY,3,97.234525,17006922.570000,,
BATTERY,3,97.234182,17007594.580000,,
BATTERY,3,97.234164,17007704.580000,,
BATTERY,3,97.233820,17008376.590000,,
BATTERY,3,97.233796,17008526.590000,,
BATTERY,3,97.233796,17008526.590000,,
BATTERY,3,97.233796,17008526.590000,,
BATTERY,3,97.233796,17008526.590000,,
BATTERY,3,97.233796,17008526.590000,,
BATTERY,3,97.233796,17008526.590000,,
BATTERY,3,97.233796,17008526.590000,,
BATTERY,3,97.233796,17008526.590000,,
BATTERY,3,97.233796,17008526.590000,,
BATTERY,3,97.233483,17009198.600000,,
BATTERY,3,97.233483,17009198.600000,,
BATTERY,3,97.233483,17009198.600000,,
BATTERY,3,97.233483,17009198.600000,,
BATTERY,3,97.233483,17009198.600000,,
BATTERY,3,97.233483,17009198.600000,,
BATTERY,3,97.233483,17009198.600000,,
BATTERY,3,97.233483,17009198.600000,,
BATTERY,3,97.233483,17009198.600000,,
BATTERY,3,97.233483,17009198.600000,,
BATTERY,3,97.233455,17009368.600000,,
BATTERY,3,97.233112,17010040.610000,,
BATTERY,3,97.233101,17010110.610000,,
BATTERY,3,97.232757,17010782.620000,,
BATTERY,3,97.167868,17413541.350000,,
BATTERY,3,97.167525,17414213.360000,,
BATTERY,3,97.072253,18005554.720001,,
BATTERY,3,97.071910,18006226.730001,,
BATTERY,3,97.071422,18009252.750001,,
BATTERY,3,97.071079,18009924.760001,,
BATTERY,3,97.071067,18009994.760001,,
BATTERY,3,97.070724,18010666.770001,,
BATTERY,3,97.069872,18015952.790001,,
BATTERY,3,97.069529,18016624.800001,,
BATTERY,3,97.069517,18016694.800001,,
BATTERY,3,97.069174,18017366.810001,,
BATTERY,3,97.069163,18017436.810001,,
BATTERY,3,97.069163,18017436.810001,,
BATTERY,3,97.069163,18017436.810001,,
BATTERY,3,97.069163,18017436.810001,,
BATTERY,3,97.069163,18017436.810001,,
BATTERY,3,97.069163,18017436.810001,,
BATTERY,3,97.069163,18017436.810001,,
BATTERY,3,97.069163,18017436.810001,,
BATTERY,3,97.069163,18017436.810001,,
BATTERY,3,97.068849,18018108.820001,,
BATTERY,3,97.068849,18018108.820001,,
BATTERY,3,97.068849,18018108.820001,,
BATTERY,3,97.068849,18018108.820001,,
BATTERY,3,97.068849,18018108.820001,,
BATTERY,3,97.068849,18018108.820001,,
BATTERY,3,97.068849,18018108.820001,,
BATTERY,3,97.068849,18018108.820001,,
BATTERY,3,97.068849,18018108.820001,,
BATTERY,3,97.068365,18021114.840001,,
BATTERY,3,97.068021,18021786.850001,,
BATTERY,3,97.068004,18021896.850001,,
BATTERY,3,97.067660,18022568.860001,,
BATTERY,3,97.067108,18025994.880001,,
BATTERY,3,97.066765,18026666.890001,,
BATTERY,3,96.994210,18477007.450001,,
BATTERY,3,96.993866,18477679.460001,,
BATTERY,3,96.909121,19003682.720000,,
BATTERY,3,96.908778,19004354.730000,,
BATTERY,3,96.908763,19004444.730000,,
BATTERY,3,96.908420,19005116.740000,,
BATTERY,3,96.908405,19005206.740000,,
BATTERY,3,96.908405,19005206.740000,,
BATTERY,3,96.908405,19005206.740000,,
BATTERY,3,96.908405,19005206.740000,,
BATTERY,3,96.908405,19005206.740000,,
BATTERY,3,96.908405,19005206.740000,,
BATTERY,3,96.908405,19005206.740000,,
BATTERY,3,96.908405,19005206.740000,,
BATTERY,3,96.908405,19005206.740000,,
BATTERY,3,96.908092,19005878.750000,,
BATTERY,3,96.908092,19005878.750000,,
BATTERY,3,96.908092,19005878.750000,,
BATTERY,3,96.908092,19005878.750000,,
BATTERY,3,96.908092,19005878.750000,,
BATTERY,3,96.908092,19005878.750000,,
BATTERY,3,96.908092,19005878.750000,,
BATTERY,3,96.908092,19005878.750000,,
BATTERY,3,96.908092,19005878.750000,,
BATTERY,3,96.908061,19006068.750000,,
BATTERY,3,96.907718,19006740.760000,,
BATTERY,3,96.907706,19006810.760000,,
BATTERY,3,96.907363,19007482.770000,,
BATTERY,3,96.907319,19007752.770000,,
BATTERY,3,96.906976,19008424.780000,,
BATTERY,3,96.906962,19008514.780000,,
BATTERY,3,96.906618,19009186.790000,,
BATTERY,3,96.906618,19009186.790000,,
BATTERY,3,96.905558,19015768.830000,,
BATTERY,3,96.905214,19016440.840000,,
BATTERY,3,96.818761,19553048.260000,,
BATTERY,3,96.818417,19553720.270000,,
BATTERY,3,96.746164,20002190.800001,,
BATTERY,3,96.745820,20002862.810001,,
BATTERY,3,96.745820,20002862.810001,,
BATTERY,3,96.745820,20002862.810001,,
BATTERY,3,96.745799,20002992.810001,,
BATTERY,3,96.745456,20003664.820001,,
BATTERY,3,96.745456,20003664.820001,,
BATTERY,3,96.745406,20003974.820001,,
BATTERY,3,96.745406,20003974.820001,,
BATTERY,3,96.745406,20003974.820001,,
BATTERY,3,96.745406,20003974.820001,,
BATTERY,3,96.745406,20003974.820001,,
BATTERY,3,96.745406,20003974.820001,,
BATTERY,3,96.745406,20003974.820001,,
BATTERY,3,96.745406,20003974.820001,,
BATTERY,3,96.745406,20003974.820001,,
BATTERY,3,96.745092,20004646.830001,,
BATTERY,3,96.745092,20004646.830001,,
BATTERY,3,96.745092,20004646.830001,,
BATTERY,3,96.745092,20004646.830001,,
BATTERY,3,96.745092,20004646.830001,,
BATTERY,3,96.745092,20004646.830001,,
BATTERY,3,96.745092,20004646.830001,,
BATTERY,3,96.745092,20004646.830001,,
BATTERY,3,96.745092,20004646.830001,,
BATTERY,3,96.745058,20004856.830001,,
BATTERY,3,96.744715,20005528.840001,,
BATTERY,3,96.744700,20005618.840001,,
BATTERY,3,96.744357,20006290.850001,,
BATTERY,3,96.743786,20009836.870001,,
BATTERY,3,96.743442,20010508.880001,,
BATTERY,3,96.645221,20620154.720000,,
BATTERY,3,96.644878,20620826.730000,,
BATTERY,3,96.583778,21000070.000000,,
BATTERY,3,96.583434,21000742.010000,,
BATTERY,3,96.583416,21000852.010000,,
BATTERY,3,96.583416,21000852.010000,,
BATTERY,3,96.583416,21000852.010000,,
BATTERY,3,96.583416,21000852.010000,,
BATTERY,3,96.583416,21000852.010000,,
BATTERY,3,96.583416,21000852.010000,,
BATTERY,3,96.583416,21000852.010000,,
BATTERY,3,96.583416,21000852.010000,,
BATTERY,3,96.583416,21000852.010000,,
BATTERY,3,96.583103,21001524.020000,,
BATTERY,3,96.583103,21001524.020000,,
BATTERY,3,96.583103,21001524.020000,,
BATTERY,3,96.583103,21001524.020000,,
BATTERY,3,96.583103,21001524.020000,,
BATTERY,3,96.583103,21001524.020000,,
BATTERY,3,96.583103,21001524.020000,,
BATTERY,3,96.583103,21001524.020000,,
BATTERY,3,96.583103,21001524.020000,,
BATTERY,3,96.583103,21001524.020000,,
BATTERY,3,96.583092,21001594.020000,,
BATTERY,3,96.582748,21002266.030000,,
BATTERY,3,96.582734,21002356.030000,,
BATTERY,3,96.582390,21003028.040000,,
BATTERY,3,96.581420,21009050.080000,,
BATTERY,3,96.581076,21009722.090000,,
BATTERY,3,96.581056,21009852.090000,,
BATTERY,3,96.580712,21010524.100000,,
BATTERY,3,96.580698,21010614.100000,,
BATTERY,3,96.580354,21011286.110000,,
BATTERY,3,96.579799,21014732.130000,,
BATTERY,3,96.579455,21015404.140000,,
BATTERY,3,96.470931,21689006.000001,,
BATTERY,3,96.470587,21689678.010001,,
BATTERY,3,96.420149,22002743.760001,,
BATTERY,3,96.419805,22003415.770001,,
BATTERY,3,96.419794,22003485.770001,,
BATTERY,3,96.419451,22004157.780001,,
BATTERY,3,96.419423,22004327.780001,,
BATTERY,3,96.419080,22004999.790001,,
BATTERY,3,96.418573,22008145.810001,,
BATTERY,3,96.418229,22008817.820001,,
BATTERY,3,96.418215,22008907.820001,,
BATTERY,3,96.417871,22009579.830001,,
BATTERY,3,96.417854,22009689.830001,,
BATTERY,3,96.417854,22009689.830001,,
BATTERY,3,96.417854,22009689.830001,,
BATTERY,3,96.417854,22009689.830001,,
BATTERY,3,96.417854,22009689.830001,,
BATTERY,3,96.417854,22009689.830001,,
BATTERY,3,96.417854,22009689.830001,,
BATTERY,3,96.417854,22009689.830001,,
BATTERY,3,96.417854,22009689.830001,,
BATTERY,3,96.417540,22010361.840001,,
BATTERY,3,96.417540,22010361.840001,,
BATTERY,3,96.417540,22010361.840001,,
BATTERY,3,96.417540,22010361.840001,,
BATTERY,3,96.417540,22010361.840001,,
BATTERY,3,96.417540,22010361.840001,,
BATTERY,3,96.417540,22010361.840001,,
BATTERY,3,96.417540,22010361.840001,,
BATTERY,3,96.417540,22010361.840001,,
BATTERY,3,96.417059,22013347.860001,,
BATTERY,3,96.416716,22014019.870001,,
BATTERY,3,96.416701,22014109.870001,,
BATTERY,3,96.416358,22014781.880001,,
BATTERY,3,96.415735,22018647.900001,,
BATTERY,3,96.415391,22019319.910001,,
BATTERY,3,96.296733,22755816.720000,,
BATTERY,3,96.296390,22756488.730000,,
BATTERY,3,96.257060,23000604.110001,,
BATTERY,3,96.256717,23001276.120001,,
BATTERY,3,96.256717,23001276.120001,,
BATTERY,3,96.256236,23004262.140001,,
BATTERY,3,96.255892,23004934.150001,,
BATTERY,3,96.255862,23005124.150001,,
BATTERY,3,96.255518,23005796.160001,,
BATTERY,3,96.255478,23006046.160001,,
BATTERY,3,96.255478,23006046.160001,,
BATTERY,3,96.255478,23006046.160001,,
BATTERY,3,96.255478,23006046.160001,,
BATTERY,3,96.255478,23006046.160001,,
BATTERY,3,96.255478,23006046.160001,,
BATTERY,3,96.255478,23006046.160001,,
BATTERY,3,96.255478,23006046.160001,,
BATTERY,3,96.255478,23006046.160001,,
BATTERY,3,96.255164,23006718.170001,,
BATTERY,3,96.255164,23006718.170001,,
BATTERY,3,96.255164,23006718.170001,,
BATTERY,3,96.255164,23006718.170001,,
BATTERY,3,96.255164,23006718.170001,,
BATTERY,3,96.255164,23006718.170001,,
BATTERY,3,96.255164,23006718.170001,,
BATTERY,3,96.255164,23006718.170001,,
BATTERY,3,96.255164,23006718.170001,,
BATTERY,3,96.255153,23006788.170001,,
BATTERY,3,96.254810,23007460.180001,,
BATTERY,3,96.254492,23009430.180001,,
BATTERY,3,96.254149,23010102.190001,,
BATTERY,3,96.253668,23013088.210001,,
BATTERY,3,96.253324,23013760.220001,,
BATTERY,3,96.252936,23016170.220001,,
BATTERY,3,96.252592,23016842.230001,,
BATTERY,3,96.120842,23834602.750000,,
BATTERY,3,96.120499,23835274.760000,,
BATTERY,3,96.093876,24000517.700000,,
BATTERY,3,96.093533,24001189.710000,,
BATTERY,3,96.093515,24001299.710000,,
BATTERY,3,96.093171,24001971.720000,,
BATTERY,3,96.093160,24002041.720000,,
BATTERY,3,96.092817,24002713.730000,,
BATTERY,3,96.092764,24003043.730000,,
BATTERY,3,96.092764,24003043.730000,,
BATTERY,3,96.092764,24003043.730000,,
BATTERY,3,96.092764,24003043.730000,,
BATTERY,3,96.092764,24003043.730000,,
BATTERY,3,96.092764,24003043.730000,,
BATTERY,3,96.092764,24003043.730000,,
BATTERY,3,96.092764,24003043.730000,,
BATTERY,3,96.092764,24003043.730000,,
BATTERY,3,96.092450,24003715.740000,,
BATTERY,3,96.092450,24003715.740000,,
BATTERY,3,96.092450,24003715.740000,,
BATTERY,3,96.092450,24003715.740000,,
BATTERY,3,96.092450,24003715.740000,,
BATTERY,3,96.092450,24003715.740000,,
BATTERY,3,96.092450,24003715.740000,,
BATTERY,3,96.092450,24003715.740000,,
BATTERY,3,96.092450,24003715.740000,,
BATTERY,3,96.092426,24003865.740000,,
BATTERY,3,96.092082,24004537.750000,,
BATTERY,3,96.092071,24004607.750000,,
BATTERY,3,96.091728,24005279.760000,,
BATTERY,3,96.091716,24005349.760000,,
BATTERY,3,96.091373,24006021.770000,,
BATTERY,3,96.091358,24006111.770000,,
BATTERY,3,96.091015,24006783.780000,,
BATTERY,3,96.090398,24010609.800000,,
BATTERY,3,96.090055,24011281.810000,,
BATTERY,3,95.947615,24895388.850001,,
BATTERY,3,95.947272,24896060.860001,,
BATTERY,3,95.930234,25001811.460001,,
BATTERY,3,95.930234,25001811.460001,,
BATTERY,3,95.930234,25001811.460001,,
BATTERY,3,95.930234,25001811.460001,,
BATTERY,3,95.930234,25001811.460001,,
BATTERY,3,95.930234,25001811.460001,,
BATTERY,3,95.930234,25001811.460001,,
BATTERY,3,95.930234,25001811.460001,,
BATTERY,3,95.930234,25001811.460001,,
BATTERY,3,95.929921,25002483.470001,,
BATTERY,3,95.929921,25002483.470001,,
BATTERY,3,95.929921,25002483.470001,,
BATTERY,3,95.929921,25002483.470001,,
BATTERY,3,95.929921,25002483.470001,,
BATTERY,3,95.929921,25002483.470001,,
BATTERY,3,95.929921,25002483.470001,,
BATTERY,3,95.929921,25002483.470001,,
BATTERY,3,95.929921,25002483.470001,,
BATTERY,3,95.929910,25002553.470001,,
BATTERY,3,95.929566,25003225.480001,,
BATTERY,3,95.929552,25003315.480001,,
BATTERY,3,95.929208,25003987.490001,,
BATTERY,3,95.929197,25004057.490001,,
BATTERY,3,95.928853,25004729.500001,,
BATTERY,3,95.928853,25004729.500001,,
BATTERY,3,95.928816,25004959.500001,,
BATTERY,3,95.928473,25005631.510001,,
BATTERY,3,95.928455,25005741.510001,,
BATTERY,3,95.928112,25006413.520001,,
BATTERY,3,95.928097,25006503.520001,,
BATTERY,3,95.927754,25007175.530001,,
BATTERY,3,95.927205,25010581.550001,,
BATTERY,3,95.926861,25011253.560001,,
BATTERY,3,95.771958,25972720.110000,,
BATTERY,3,95.771615,25973392.120000,,
BATTERY,3,95.767146,26001133.040000,,
BATTERY,3,95.766802,26001805.050000,,
BATTERY,3,95.766788,26001895.050000,,
BATTERY,3,95.766788,26001895.050000,,
BATTERY,3,95.766788,26001895.050000,,
BATTERY,3,95.766788,26001895.050000,,
BATTERY,3,95.766788,26001895.050000,,
BATTERY,3,95.766788,26001895.050000,,
BATTERY,3,95.766788,26001895.050000,,
BATTERY,3,95.766788,26001895.050000,,
BATTERY,3,95.766788,26001895.050000,,
BATTERY,3,95.766474,26002567.060000,,
BATTERY,3,95.766474,26002567.060000,,
BATTERY,3,95.766474,26002567.060000,,
BATTERY,3,95.766474,26002567.060000,,
BATTERY,3,95.766474,26002567.060000,,
BATTERY,3,95.766474,26002567.060000,,
BATTERY,3,95.766474,26002567.060000,,
BATTERY,3,95.766474,26002567.060000,,
BATTERY,3,95.766474,26002567.060000,,
BATTERY,3,95.766474,26002567.060000,,
BATTERY,3,95.765619,26007873.080000,,
BATTERY,3,95.765276,26008545.090000,,
BATTERY,3,95.765235,26008795.090000,,
BATTERY,3,95.764892,26009467.100000,,
BATTERY,3,95.764874,26009577.100000,,
BATTERY,3,95.764531,26010249.110000,,
BATTERY,3,95.764519,26010319.110000,,
BATTERY,3,95.764176,26010991.120000,,
BATTERY,3,95.764158,26011101.120000,,
BATTERY,3,95.763815,26011773.130000,,
BATTERY,3,95.763794,26011903.130000,,
BATTERY,3,95.763450,26012575.140000,,
BATTERY,3,95.603921,27002755.200000,,
BATTERY,3,95.603921,27002755.200000,,
BATTERY,3,95.603921,27002755.200000,,
BATTERY,3,95.603921,27002755.200000,,
BATTERY,3,95.603921,27002755.200000,,
BATTERY,3,95.603921,27002755.200000,,
BATTERY,3,95.603921,27002755.200000,,
BATTERY,3,95.603921,27002755.200000,,
BATTERY,3,95.603921,27002755.200000,,
BATTERY,3,95.603608,27003427.210000,,
BATTERY,3,95.603608,27003427.210000,,
BATTERY,3,95.603608,27003427.210000,,
BATTERY,3,95.603608,27003427.210000,,
BATTERY,3,95.603608,27003427.210000,,
BATTERY,3,95.603608,27003427.210000,,
BATTERY,3,95.603608,27003427.210000,,
BATTERY,3,95.603608,27003427.210000,,
BATTERY,3,95.603608,27003427.210000,,
BATTERY,3,95.603608,27003427.210000,,
BATTERY,3,95.603571,27003657.210000,,
BATTERY,3,95.603227,27004329.220000,,
BATTERY,3,95.603206,27004459.220000,,
BATTERY,3,95.602863,27005131.230000,,
BATTERY,3,95.602852,27005201.230000,,
BATTERY,3,95.602508,27005873.240000,,
BATTERY,3,95.602021,27008899.260000,,
BATTERY,3,95.601677,27009571.270000,,
BATTERY,3,95.601186,27012617.290000,,
BATTERY,3,95.600843,27013289.300000,,
BATTERY,3,95.600828,27013379.300000,,
BATTERY,3,95.600485,27014051.310000,,
BATTERY,3,95.600485,27014051.310000,,
BATTERY,3,95.594139,27053437.530000,,
BATTERY,3,95.593796,27054109.540000,,
BATTERY,3,95.441131,28001684.940001,,
BATTERY,3,95.440787,28002356.950001,,
BATTERY,3,95.440770,28002466.950001,,
BATTERY,3,95.440426,28003138.960001,,
BATTERY,3,95.440409,28003248.960001,,
BATTERY,3,95.440065,28003920.970001,,
BATTERY,3,95.439571,28006986.990001,,
BATTERY,3,95.439228,28007659.000001,,
BATTERY,3,95.439210,28007769.000001,,
BATTERY,3,95.438866,28008441.010001,,
BATTERY,3,95.438852,28008531.010001,,
BATTERY,3,95.438508,28009203.020001,,
BATTERY,3,95.438484,28009353.020001,,
BATTERY,3,95.438141,28010025.030001,,
BATTERY,3,95.438130,28010095.030001,,
BATTERY,3,95.438130,28010095.030001,,
BATTERY,3,95.438130,28010095.030001,,
BATTERY,3,95.438130,28010095.030001,,
BATTERY,3,95.438130,28010095.030001,,
BATTERY,3,95.438130,28010095.030001,,
BATTERY,3,95.438130,28010095.030001,,
BATTERY,3,95.438130,28010095.030001,,
BATTERY,3,95.438130,28010095.030001,,
BATTERY,3,95.437816,28010767.040001,,
BATTERY,3,95.437816,28010767.040001,,
BATTERY,3,95.437816,28010767.040001,,
BATTERY,3,95.437816,28010767.040001,,
BATTERY,3,95.437816,28010767.040001,,
BATTERY,3,95.437816,28010767.040001,,
BATTERY,3,95.437816,28010767.040001,,
BATTERY,3,95.437816,28010767.040001,,
BATTERY,3,95.437816,28010767.040001,,
BATTERY,3,95.437805,28010837.040001,,
BATTERY,3,95.437461,28011509.050001,,
BATTERY,3,95.419785,28121225.420000,,
BATTERY,3,95.419441,28121897.430000,,
BATTERY,3,95.277619,29002170.780000,,
BATTERY,3,95.277276,29002842.790000,,
BATTERY,3,95.277261,29002932.790000,,
BATTERY,3,95.276918,29003604.800000,,
BATTERY,3,95.276903,29003694.800000,,
BATTERY,3,95.276903,29003694.800000,,
BATTERY,3,95.276903,29003694.800000,,
BATTERY,3,95.276903,29003694.800000,,
BATTERY,3,95.276903,29003694.800000,,
BATTERY,3,95.276903,29003694.800000,,
BATTERY,3,95.276903,29003694.800000,,
BATTERY,3,95.276903,29003694.800000,,
BATTERY,3,95.276903,29003694.800000,,
BATTERY,3,95.276590,29004366.810000,,
BATTERY,3,95.276590,29004366.810000,,
BATTERY,3,95.276590,29004366.810000,,
BATTERY,3,95.276590,29004366.810000,,
BATTERY,3,95.276590,29004366.810000,,
BATTERY,3,95.276590,29004366.810000,,
BATTERY,3,95.276590,29004366.810000,,
BATTERY,3,95.276590,29004366.810000,,
BATTERY,3,95.276590,29004366.810000,,
BATTERY,3,95.276579,29004436.810000,,
BATTERY,3,95.276235,29005108.820000,,
BATTERY,3,95.276204,29005298.820000,,
BATTERY,3,95.275861,29005970.830000,,
BATTERY,3,95.275840,29006100.830000,,
BATTERY,3,95.275497,29006772.840000,,
BATTERY,3,95.275482,29006862.840000,,
BATTERY,3,95.275139,29007534.850000,,
BATTERY,3,95.275114,29007684.850000,,
BATTERY,3,95.274771,29008356.860000,,
BATTERY,3,95.274251,29011582.880000,,
BATTERY,3,95.273908,29012254.890000,,
BATTERY,3,95.245201,29190431.880000,,
BATTERY,3,95.244858,29191103.890000,,
