MOVENODE,1,0.000000,28.990000,46.380000,0.000000,
MOVENODE,2,0.000000,57.639836,127.557981,0.000000,
MOVENODE,3,0.000000,183.833561,90.381992,0.000000,
MOVENODE,4,0.000000,180.763984,12.619372,0.000000,
MOVENODE,5,0.000000,429.399727,59.345157,0.000000,
MOVENODE,6,0.000000,399.386085,133.015007,0.000000,
MOVENODE,7,0.000000,292.633015,208.731241,0.000000,
MOVENODE,8,0.000000,340.040000,65.480000,0.000000,
MOVENODE,9,0.000000,440.313779,101.978172,0.000000,
MOVENODE,10,0.000000,477.489768,235.334243,0.000000,
MOVENODE,11,0.000000,405.525239,34.447476,0.000000,
MOVENODE,12,0.000000,376.875853,8.867667,0.000000,
MOVENODE,13,0.000000,114.256480,113.915416,0.000000,
MOVENODE,14,0.000000,121.077763,30.695771,0.000000,
MOVENODE,15,0.000000,75.034106,61.050477,0.000000,
MOVENODE,16,0.000000,250.341064,116.984993,0.000000,
MOVENODE,17,0.000000,184.515689,124.829468,0.000000,
MOVENODE,18,0.000000,267.053206,80.150068,0.000000,
MOVENODE,19,0.000000,318.212824,94.474761,0.000000,
MOVENODE,20,0.000000,383.356071,99.249659,0.000000,
MOVENODE,21,0.000000,342.769441,136.766712,0.000000,
MOVENODE,22,0.000000,368.008186,162.005457,0.000000,
MOVENODE,23,0.000000,216.234652,166.780355,0.000000,
MOVENODE,24,0.000000,307.298772,146.657572,0.000000,
MOVENODE,25,0.000000,162.346521,200.886767,0.000000,
MOVENODE,26,0.000000,50.134256,90.724243,0.000000,
MOVENODE,27,0.000000,80.832196,149.727149,0.000000,
MOVENODE,28,0.000000,128.581173,157.571623,0.000000,
MOVENODE,29,0.000000,357.094134,185.879945,0.000000,
MOVENODE,30,0.000000,404.502046,185.197817,0.000000,
MOVENODE,31,0.000000,448.158254,152.796726,0.000000,
MOVENODE,32,0.000000,463.170000,35.470000,0.000000,
MOVENODE,33,0.000000,20.122783,109.822647,0.000000,
MOVENODE,34,0.000000,24.900000,163.030000,0.000000,
MOVENODE,35,0.000000,39.222374,199.181446,0.000000,
MOVENODE,36,0.000000,98.908595,195.429741,0.000000,
MOVENODE,37,0.000000,215.893588,219.304229,0.000000,
MOVENODE,38,0.000000,160.982265,233.628922,0.000000,
MOVENODE,39,0.000000,211.459754,248.635744,0.000000,
MOVENODE,40,0.000000,266.030014,246.248295,0.000000,
MOVENODE,41,0.000000,360.163711,241.132333,0.000000,
MOVENODE,42,0.000000,466.575716,190.313779,0.000000,
MOVENODE,43,0.000000,60.709413,234.993179,0.000000,
MOVENODE,44,0.000000,114.597544,247.271487,0.000000,
MOVENODE,45,0.000000,177.355089,167.119059,0.000000,
MOVENODE,46,0.000000,254.774898,181.787176,0.000000,
MOVENODE,47,0.000000,320.259209,239.768076,0.000000,
MOVENODE,48,0.000000,377.216917,220.327422,0.000000,
MOVENODE,49,0.000000,424.624829,231.582538,0.000000,
MOVENODE,50,0.000000,288.199181,160.300136,0.000000,
MOVENODE,1,1000000.000000,28.000000,52.000000,0.000000,
MOVENODE,2,1000000.000000,55.000000,127.000000,0.000000,
MOVENODE,3,1000000.000000,184.000000,90.000000,0.000000,
MOVENODE,4,1000000.000000,180.000000,4.000000,0.000000,
MOVENODE,5,1000000.000000,428.000000,58.000000,0.000000,
MOVENODE,6,1000000.000000,402.000000,133.000000,0.000000,
MOVENODE,7,1000000.000000,293.000000,207.000000,0.000000,
MOVENODE,8,1000000.000000,341.000000,62.000000,0.000000,
MOVENODE,9,1000000.000000,429.000000,103.000000,0.000000,
MOVENODE,10,1000000.000000,469.000000,232.000000,0.000000,
MOVENODE,11,1000000.000000,401.000000,34.000000,0.000000,
MOVENODE,12,1000000.000000,367.000000,9.000000,0.000000,
MOVENODE,13,1000000.000000,114.000000,112.000000,0.000000,
MOVENODE,14,1000000.000000,119.000000,29.000000,0.000000,
MOVENODE,15,1000000.000000,82.000000,59.000000,0.000000,
MOVENODE,16,1000000.000000,250.000000,107.000000,0.000000,
MOVENODE,17,1000000.000000,185.000000,124.000000,0.000000,
MOVENODE,18,1000000.000000,257.000000,81.000000,0.000000,
MOVENODE,19,1000000.000000,317.000000,94.000000,0.000000,
MOVENODE,20,1000000.000000,388.000000,85.000000,0.000000,
MOVENODE,21,1000000.000000,338.000000,137.000000,0.000000,
MOVENODE,22,1000000.000000,372.000000,162.000000,0.000000,
MOVENODE,23,1000000.000000,215.000000,165.000000,0.000000,
MOVENODE,24,1000000.000000,306.000000,137.000000,0.000000,
MOVENODE,25,1000000.000000,151.000000,204.000000,0.000000,
MOVENODE,26,1000000.000000,45.000000,86.000000,0.000000,
MOVENODE,27,1000000.000000,65.000000,144.000000,0.000000,
MOVENODE,28,1000000.000000,128.000000,156.000000,0.000000,
MOVENODE,29,1000000.000000,363.000000,184.000000,0.000000,
MOVENODE,30,1000000.000000,404.000000,179.000000,0.000000,
MOVENODE,31,1000000.000000,452.000000,152.000000,0.000000,
MOVENODE,32,1000000.000000,463.000000,32.000000,0.000000,
MOVENODE,33,1000000.000000,19.000000,109.000000,0.000000,
MOVENODE,34,1000000.000000,12.000000,162.000000,0.000000,
MOVENODE,35,1000000.000000,38.000000,205.000000,0.000000,
MOVENODE,36,1000000.000000,96.000000,186.000000,0.000000,
MOVENODE,37,1000000.000000,216.000000,220.000000,0.000000,
MOVENODE,38,1000000.000000,170.000000,224.000000,0.000000,
MOVENODE,39,1000000.000000,212.000000,256.000000,0.000000,
MOVENODE,40,1000000.000000,267.000000,242.000000,0.000000,
MOVENODE,41,1000000.000000,358.000000,241.000000,0.000000,
MOVENODE,42,1000000.000000,466.000000,181.000000,0.000000,
MOVENODE,43,1000000.000000,54.000000,236.000000,0.000000,
MOVENODE,44,1000000.000000,113.000000,246.000000,0.000000,
MOVENODE,45,1000000.000000,176.000000,168.000000,0.000000,
MOVENODE,46,1000000.000000,253.000000,174.000000,0.000000,
MOVENODE,47,1000000.000000,320.000000,240.000000,0.000000,
MOVENODE,48,1000000.000000,378.000000,220.000000,0.000000,
MOVENODE,49,1000000.000000,424.000000,229.000000,0.000000,
MOVENODE,50,1000000.000000,277.000000,159.000000,0.000000,
MOVENODE,1,2000000.000000,28.000000,52.000000,0.000000,
MOVENODE,2,2000000.000000,55.000000,127.000000,0.000000,
MOVENODE,3,2000000.000000,184.000000,90.000000,0.000000,
MOVENODE,4,2000000.000000,180.000000,4.000000,0.000000,
MOVENODE,5,2000000.000000,428.000000,58.000000,0.000000,
MOVENODE,6,2000000.000000,402.000000,133.000000,0.000000,
MOVENODE,7,2000000.000000,293.000000,207.000000,0.000000,
MOVENODE,8,2000000.000000,341.000000,62.000000,0.000000,
MOVENODE,9,2000000.000000,429.000000,103.000000,0.000000,
MOVENODE,10,2000000.000000,469.000000,232.000000,0.000000,
MOVENODE,11,2000000.000000,401.000000,34.000000,0.000000,
MOVENODE,12,2000000.000000,367.000000,9.000000,0.000000,
MOVENODE,13,2000000.000000,114.000000,112.000000,0.000000,
MOVENODE,14,2000000.000000,119.000000,29.000000,0.000000,
MOVENODE,15,2000000.000000,82.000000,59.000000,0.000000,
MOVENODE,16,2000000.000000,250.000000,107.000000,0.000000,
MOVENODE,17,2000000.000000,185.000000,124.000000,0.000000,
MOVENODE,18,2000000.000000,257.000000,81.000000,0.000000,
MOVENODE,19,2000000.000000,317.000000,94.000000,0.000000,
MOVENODE,20,2000000.000000,388.000000,85.000000,0.000000,
MOVENODE,21,2000000.000000,338.000000,137.000000,0.000000,
MOVENODE,22,2000000.000000,372.000000,162.000000,0.000000,
MOVENODE,23,2000000.000000,215.000000,165.000000,0.000000,
MOVENODE,24,2000000.000000,306.000000,137.000000,0.000000,
MOVENODE,25,2000000.000000,151.000000,204.000000,0.000000,
MOVENODE,26,2000000.000000,45.000000,86.000000,0.000000,
MOVENODE,27,2000000.000000,65.000000,144.000000,0.000000,
MOVENODE,28,2000000.000000,128.000000,156.000000,0.000000,
MOVENODE,29,2000000.000000,363.000000,184.000000,0.000000,
MOVENODE,30,2000000.000000,404.000000,179.000000,0.000000,
MOVENODE,31,2000000.000000,452.000000,152.000000,0.000000,
MOVENODE,32,2000000.000000,463.000000,32.000000,0.000000,
MOVENODE,33,2000000.000000,19.000000,109.000000,0.000000,
MOVENODE,34,2000000.000000,12.000000,162.000000,0.000000,
MOVENODE,35,2000000.000000,38.000000,205.000000,0.000000,
MOVENODE,36,2000000.000000,96.000000,186.000000,0.000000,
MOVENODE,37,2000000.000000,216.000000,220.000000,0.000000,
MOVENODE,38,2000000.000000,170.000000,224.000000,0.000000,
MOVENODE,39,2000000.000000,212.000000,256.000000,0.000000,
MOVENODE,40,2000000.000000,267.000000,242.000000,0.000000,
MOVENODE,41,2000000.000000,358.000000,241.000000,0.000000,
MOVENODE,42,2000000.000000,466.000000,181.000000,0.000000,
MOVENODE,43,2000000.000000,54.000000,236.000000,0.000000,
MOVENODE,44,2000000.000000,113.000000,246.000000,0.000000,
MOVENODE,45,2000000.000000,176.000000,168.000000,0.000000,
MOVENODE,46,2000000.000000,253.000000,174.000000,0.000000,
MOVENODE,47,2000000.000000,320.000000,240.000000,0.000000,
MOVENODE,48,2000000.000000,378.000000,220.000000,0.000000,
MOVENODE,49,2000000.000000,424.000000,229.000000,0.000000,
MOVENODE,50,2000000.000000,277.000000,159.000000,0.000000,
MOVENODE,1,3000000.000000,27.000000,42.000000,0.000000,
MOVENODE,2,3000000.000000,60.000000,124.000000,0.000000,
MOVENODE,3,3000000.000000,186.000000,88.000000,0.000000,
MOVENODE,4,3000000.000000,179.000000,3.000000,0.000000,
MOVENODE,5,3000000.000000,429.000000,49.000000,0.000000,
MOVENODE,6,3000000.000000,402.000000,132.000000,0.000000,
MOVENODE,7,3000000.000000,294.000000,208.000000,0.000000,
MOVENODE,8,3000000.000000,340.000000,63.000000,0.000000,
MOVENODE,9,3000000.000000,429.000000,104.000000,0.000000,
MOVENODE,10,3000000.000000,469.000000,228.000000,0.000000,
MOVENODE,11,3000000.000000,400.000000,34.000000,0.000000,
MOVENODE,12,3000000.000000,364.000000,4.000000,0.000000,
MOVENODE,13,3000000.000000,113.000000,113.000000,0.000000,
MOVENODE,14,3000000.000000,120.000000,31.000000,0.000000,
MOVENODE,15,3000000.000000,82.000000,59.000000,0.000000,
MOVENODE,16,3000000.000000,249.000000,112.000000,0.000000,
MOVENODE,17,3000000.000000,184.000000,125.000000,0.000000,
MOVENODE,18,3000000.000000,244.000000,79.000000,0.000000,
MOVENODE,19,3000000.000000,316.000000,95.000000,0.000000,
MOVENODE,20,3000000.000000,388.000000,82.000000,0.000000,
MOVENODE,21,3000000.000000,325.000000,137.000000,0.000000,
MOVENODE,22,3000000.000000,373.000000,161.000000,0.000000,
MOVENODE,23,3000000.000000,200.000000,162.000000,0.000000,
MOVENODE,24,3000000.000000,308.000000,138.000000,0.000000,
MOVENODE,25,3000000.000000,152.000000,201.000000,0.000000,
MOVENODE,26,3000000.000000,39.000000,77.000000,0.000000,
MOVENODE,27,3000000.000000,55.000000,144.000000,0.000000,
MOVENODE,28,3000000.000000,128.000000,151.000000,0.000000,
MOVENODE,29,3000000.000000,362.000000,184.000000,0.000000,
MOVENODE,30,3000000.000000,405.000000,179.000000,0.000000,
MOVENODE,31,3000000.000000,453.000000,153.000000,0.000000,
MOVENODE,32,3000000.000000,455.000000,33.000000,0.000000,
MOVENODE,33,3000000.000000,15.000000,110.000000,0.000000,
MOVENODE,34,3000000.000000,12.000000,162.000000,0.000000,
MOVENODE,35,3000000.000000,31.000000,212.000000,0.000000,
MOVENODE,36,3000000.000000,96.000000,186.000000,0.000000,
MOVENODE,37,3000000.000000,223.000000,211.000000,0.000000,
MOVENODE,38,3000000.000000,171.000000,223.000000,0.000000,
MOVENODE,39,3000000.000000,212.000000,256.000000,0.000000,
MOVENODE,40,3000000.000000,267.000000,243.000000,0.000000,
MOVENODE,41,3000000.000000,343.000000,234.000000,0.000000,
MOVENODE,42,3000000.000000,461.000000,181.000000,0.000000,
MOVENODE,43,3000000.000000,53.000000,237.000000,0.000000,
MOVENODE,44,3000000.000000,114.000000,237.000000,0.000000,
MOVENODE,45,3000000.000000,177.000000,162.000000,0.000000,
MOVENODE,46,3000000.000000,252.000000,175.000000,0.000000,
MOVENODE,47,3000000.000000,312.000000,240.000000,0.000000,
MOVENODE,48,3000000.000000,378.000000,220.000000,0.000000,
MOVENODE,49,3000000.000000,411.000000,228.000000,0.000000,
MOVENODE,50,3000000.000000,278.000000,151.000000,0.000000,
MOVENODE,1,4000000.000000,27.000000,42.000000,0.000000,
MOVENODE,2,4000000.000000,60.000000,124.000000,0.000000,
MOVENODE,3,4000000.000000,186.000000,88.000000,0.000000,
MOVENODE,4,4000000.000000,179.000000,3.000000,0.000000,
MOVENODE,5,4000000.000000,429.000000,49.000000,0.000000,
MOVENODE,6,4000000.000000,402.000000,132.000000,0.000000,
MOVENODE,7,4000000.000000,294.000000,208.000000,0.000000,
MOVENODE,8,4000000.000000,340.000000,63.000000,0.000000,
MOVENODE,9,4000000.000000,429.000000,104.000000,0.000000,
MOVENODE,10,4000000.000000,469.000000,228.000000,0.000000,
MOVENODE,11,4000000.000000,400.000000,34.000000,0.000000,
MOVENODE,12,4000000.000000,364.000000,4.000000,0.000000,
MOVENODE,13,4000000.000000,113.000000,113.000000,0.000000,
MOVENODE,14,4000000.000000,120.000000,31.000000,0.000000,
MOVENODE,15,4000000.000000,82.000000,59.000000,0.000000,
MOVENODE,16,4000000.000000,249.000000,112.000000,0.000000,
MOVENODE,17,4000000.000000,184.000000,125.000000,0.000000,
MOVENODE,18,4000000.000000,244.000000,79.000000,0.000000,
MOVENODE,19,4000000.000000,316.000000,95.000000,0.000000,
MOVENODE,20,4000000.000000,388.000000,82.000000,0.000000,
MOVENODE,21,4000000.000000,325.000000,137.000000,0.000000,
MOVENODE,22,4000000.000000,373.000000,161.000000,0.000000,
MOVENODE,23,4000000.000000,200.000000,162.000000,0.000000,
MOVENODE,24,4000000.000000,308.000000,138.000000,0.000000,
MOVENODE,25,4000000.000000,152.000000,201.000000,0.000000,
MOVENODE,26,4000000.000000,39.000000,77.000000,0.000000,
MOVENODE,27,4000000.000000,55.000000,144.000000,0.000000,
MOVENODE,28,4000000.000000,128.000000,151.000000,0.000000,
MOVENODE,29,4000000.000000,362.000000,184.000000,0.000000,
MOVENODE,30,4000000.000000,405.000000,179.000000,0.000000,
MOVENODE,31,4000000.000000,453.000000,153.000000,0.000000,
MOVENODE,32,4000000.000000,455.000000,33.000000,0.000000,
MOVENODE,33,4000000.000000,15.000000,110.000000,0.000000,
MOVENODE,34,4000000.000000,12.000000,162.000000,0.000000,
MOVENODE,35,4000000.000000,31.000000,212.000000,0.000000,
MOVENODE,36,4000000.000000,96.000000,186.000000,0.000000,
MOVENODE,37,4000000.000000,223.000000,211.000000,0.000000,
MOVENODE,38,4000000.000000,171.000000,223.000000,0.000000,
MOVENODE,39,4000000.000000,212.000000,256.000000,0.000000,
MOVENODE,40,4000000.000000,267.000000,243.000000,0.000000,
MOVENODE,41,4000000.000000,343.000000,234.000000,0.000000,
MOVENODE,42,4000000.000000,461.000000,181.000000,0.000000,
MOVENODE,43,4000000.000000,53.000000,237.000000,0.000000,
MOVENODE,44,4000000.000000,114.000000,237.000000,0.000000,
MOVENODE,45,4000000.000000,177.000000,162.000000,0.000000,
MOVENODE,46,4000000.000000,252.000000,175.000000,0.000000,
MOVENODE,47,4000000.000000,312.000000,240.000000,0.000000,
MOVENODE,48,4000000.000000,378.000000,220.000000,0.000000,
MOVENODE,49,4000000.000000,411.000000,228.000000,0.000000,
MOVENODE,50,4000000.000000,278.000000,151.000000,0.000000,
MOVENODE,1,5000000.000000,17.000000,42.000000,0.000000,
MOVENODE,2,5000000.000000,65.000000,123.000000,0.000000,
MOVENODE,3,5000000.000000,187.000000,89.000000,0.000000,
MOVENODE,4,5000000.000000,177.000000,3.000000,0.000000,
MOVENODE,5,5000000.000000,425.000000,55.000000,0.000000,
MOVENODE,6,5000000.000000,403.000000,123.000000,0.000000,
MOVENODE,7,5000000.000000,288.000000,208.000000,0.000000,
MOVENODE,8,5000000.000000,335.000000,64.000000,0.000000,
MOVENODE,9,5000000.000000,428.000000,103.000000,0.000000,
MOVENODE,10,5000000.000000,473.000000,229.000000,0.000000,
MOVENODE,11,5000000.000000,396.000000,34.000000,0.000000,
MOVENODE,12,5000000.000000,363.000000,4.000000,0.000000,
MOVENODE,13,5000000.000000,116.000000,112.000000,0.000000,
MOVENODE,14,5000000.000000,119.000000,30.000000,0.000000,
MOVENODE,15,5000000.000000,82.000000,57.000000,0.000000,
MOVENODE,16,5000000.000000,243.000000,112.000000,0.000000,
MOVENODE,17,5000000.000000,185.000000,118.000000,0.000000,
MOVENODE,18,5000000.000000,246.000000,79.000000,0.000000,
MOVENODE,19,5000000.000000,315.000000,94.000000,0.000000,
MOVENODE,20,5000000.000000,385.000000,81.000000,0.000000,
MOVENODE,21,5000000.000000,326.000000,136.000000,0.000000,
MOVENODE,22,5000000.000000,366.000000,160.000000,0.000000,
MOVENODE,23,5000000.000000,199.000000,161.000000,0.000000,
MOVENODE,24,5000000.000000,307.000000,137.000000,0.000000,
MOVENODE,25,5000000.000000,145.000000,204.000000,0.000000,
MOVENODE,26,5000000.000000,39.000000,77.000000,0.000000,
MOVENODE,27,5000000.000000,56.000000,145.000000,0.000000,
MOVENODE,28,5000000.000000,129.000000,141.000000,0.000000,
MOVENODE,29,5000000.000000,363.000000,185.000000,0.000000,
MOVENODE,30,5000000.000000,406.000000,179.000000,0.000000,
MOVENODE,31,5000000.000000,453.000000,153.000000,0.000000,
MOVENODE,32,5000000.000000,454.000000,32.000000,0.000000,
MOVENODE,33,5000000.000000,19.000000,110.000000,0.000000,
MOVENODE,34,5000000.000000,13.000000,172.000000,0.000000,
MOVENODE,35,5000000.000000,30.000000,213.000000,0.000000,
MOVENODE,36,5000000.000000,98.000000,187.000000,0.000000,
MOVENODE,37,5000000.000000,222.000000,217.000000,0.000000,
MOVENODE,38,5000000.000000,172.000000,216.000000,0.000000,
MOVENODE,39,5000000.000000,212.000000,254.000000,0.000000,
MOVENODE,40,5000000.000000,264.000000,242.000000,0.000000,
MOVENODE,41,5000000.000000,343.000000,223.000000,0.000000,
MOVENODE,42,5000000.000000,470.000000,182.000000,0.000000,
MOVENODE,43,5000000.000000,52.000000,239.000000,0.000000,
MOVENODE,44,5000000.000000,108.000000,236.000000,0.000000,
MOVENODE,45,5000000.000000,178.000000,161.000000,0.000000,
MOVENODE,46,5000000.000000,246.000000,175.000000,0.000000,
MOVENODE,47,5000000.000000,318.000000,235.000000,0.000000,
MOVENODE,48,5000000.000000,378.000000,218.000000,0.000000,
MOVENODE,49,5000000.000000,412.000000,227.000000,0.000000,
MOVENODE,50,5000000.000000,277.000000,149.000000,0.000000,
MOVENODE,1,6000000.000000,17.000000,42.000000,0.000000,
MOVENODE,2,6000000.000000,65.000000,123.000000,0.000000,
MOVENODE,3,6000000.000000,187.000000,89.000000,0.000000,
MOVENODE,4,6000000.000000,177.000000,3.000000,0.000000,
MOVENODE,5,6000000.000000,425.000000,55.000000,0.000000,
MOVENODE,6,6000000.000000,403.000000,123.000000,0.000000,
MOVENODE,7,6000000.000000,288.000000,208.000000,0.000000,
MOVENODE,8,6000000.000000,335.000000,64.000000,0.000000,
MOVENODE,9,6000000.000000,428.000000,103.000000,0.000000,
MOVENODE,10,6000000.000000,473.000000,229.000000,0.000000,
MOVENODE,11,6000000.000000,396.000000,34.000000,0.000000,
MOVENODE,12,6000000.000000,363.000000,4.000000,0.000000,
MOVENODE,13,6000000.000000,116.000000,112.000000,0.000000,
MOVENODE,14,6000000.000000,119.000000,30.000000,0.000000,
MOVENODE,15,6000000.000000,82.000000,57.000000,0.000000,
MOVENODE,16,6000000.000000,243.000000,112.000000,0.000000,
MOVENODE,17,6000000.000000,185.000000,118.000000,0.000000,
MOVENODE,18,6000000.000000,246.000000,79.000000,0.000000,
MOVENODE,19,6000000.000000,315.000000,94.000000,0.000000,
MOVENODE,20,6000000.000000,385.000000,81.000000,0.000000,
MOVENODE,21,6000000.000000,326.000000,136.000000,0.000000,
MOVENODE,22,6000000.000000,366.000000,160.000000,0.000000,
MOVENODE,23,6000000.000000,199.000000,161.000000,0.000000,
MOVENODE,24,6000000.000000,307.000000,137.000000,0.000000,
MOVENODE,25,6000000.000000,145.000000,204.000000,0.000000,
MOVENODE,26,6000000.000000,39.000000,77.000000,0.000000,
MOVENODE,27,6000000.000000,56.000000,145.000000,0.000000,
MOVENODE,28,6000000.000000,129.000000,141.000000,0.000000,
MOVENODE,29,6000000.000000,363.000000,185.000000,0.000000,
MOVENODE,30,6000000.000000,406.000000,179.000000,0.000000,
MOVENODE,31,6000000.000000,453.000000,153.000000,0.000000,
MOVENODE,32,6000000.000000,454.000000,32.000000,0.000000,
MOVENODE,33,6000000.000000,19.000000,110.000000,0.000000,
MOVENODE,34,6000000.000000,13.000000,172.000000,0.000000,
MOVENODE,35,6000000.000000,30.000000,213.000000,0.000000,
MOVENODE,36,6000000.000000,98.000000,187.000000,0.000000,
MOVENODE,37,6000000.000000,222.000000,217.000000,0.000000,
MOVENODE,38,6000000.000000,172.000000,216.000000,0.000000,
MOVENODE,39,6000000.000000,212.000000,254.000000,0.000000,
MOVENODE,40,6000000.000000,264.000000,242.000000,0.000000,
MOVENODE,41,6000000.000000,343.000000,223.000000,0.000000,
MOVENODE,42,6000000.000000,470.000000,182.000000,0.000000,
MOVENODE,43,6000000.000000,52.000000,239.000000,0.000000,
MOVENODE,44,6000000.000000,108.000000,236.000000,0.000000,
MOVENODE,45,6000000.000000,178.000000,161.000000,0.000000,
MOVENODE,46,6000000.000000,246.000000,175.000000,0.000000,
MOVENODE,47,6000000.000000,318.000000,235.000000,0.000000,
MOVENODE,48,6000000.000000,378.000000,218.000000,0.000000,
MOVENODE,49,6000000.000000,412.000000,227.000000,0.000000,
MOVENODE,50,6000000.000000,277.000000,149.000000,0.000000,
MOVENODE,1,7000000.000000,10.000000,40.000000,0.000000,
MOVENODE,2,7000000.000000,54.000000,124.000000,0.000000,
MOVENODE,3,7000000.000000,186.000000,88.000000,0.000000,
MOVENODE,4,7000000.000000,163.000000,3.000000,0.000000,
MOVENODE,5,7000000.000000,412.000000,54.000000,0.000000,
MOVENODE,6,7000000.000000,403.000000,123.000000,0.000000,
MOVENODE,7,7000000.000000,282.000000,208.000000,0.000000,
MOVENODE,8,7000000.000000,336.000000,65.000000,0.000000,
MOVENODE,9,7000000.000000,425.000000,104.000000,0.000000,
MOVENODE,10,7000000.000000,462.000000,228.000000,0.000000,
MOVENODE,11,7000000.000000,392.000000,32.000000,0.000000,
MOVENODE,12,7000000.000000,364.000000,11.000000,0.000000,
MOVENODE,13,7000000.000000,110.000000,100.000000,0.000000,
MOVENODE,14,7000000.000000,120.000000,31.000000,0.000000,
MOVENODE,15,7000000.000000,78.000000,58.000000,0.000000,
MOVENODE,16,7000000.000000,245.000000,113.000000,0.000000,
MOVENODE,17,7000000.000000,186.000000,123.000000,0.000000,
MOVENODE,18,7000000.000000,245.000000,80.000000,0.000000,
MOVENODE,19,7000000.000000,315.000000,77.000000,0.000000,
MOVENODE,20,7000000.000000,385.000000,80.000000,0.000000,
MOVENODE,21,7000000.000000,323.000000,127.000000,0.000000,
MOVENODE,22,7000000.000000,365.000000,149.000000,0.000000,
MOVENODE,23,7000000.000000,193.000000,156.000000,0.000000,
MOVENODE,24,7000000.000000,313.000000,136.000000,0.000000,
MOVENODE,25,7000000.000000,153.000000,201.000000,0.000000,
MOVENODE,26,7000000.000000,32.000000,76.000000,0.000000,
MOVENODE,27,7000000.000000,56.000000,152.000000,0.000000,
MOVENODE,28,7000000.000000,127.000000,142.000000,0.000000,
MOVENODE,29,7000000.000000,361.000000,186.000000,0.000000,
MOVENODE,30,7000000.000000,405.000000,174.000000,0.000000,
MOVENODE,31,7000000.000000,445.000000,153.000000,0.000000,
MOVENODE,32,7000000.000000,455.000000,32.000000,0.000000,
MOVENODE,33,7000000.000000,20.000000,111.000000,0.000000,
MOVENODE,34,7000000.000000,11.000000,171.000000,0.000000,
MOVENODE,35,7000000.000000,31.000000,214.000000,0.000000,
MOVENODE,36,7000000.000000,105.000000,185.000000,0.000000,
MOVENODE,37,7000000.000000,222.000000,218.000000,0.000000,
MOVENODE,38,7000000.000000,172.000000,213.000000,0.000000,
MOVENODE,39,7000000.000000,213.000000,249.000000,0.000000,
MOVENODE,40,7000000.000000,265.000000,242.000000,0.000000,
MOVENODE,41,7000000.000000,339.000000,229.000000,0.000000,
MOVENODE,42,7000000.000000,469.000000,183.000000,0.000000,
MOVENODE,43,7000000.000000,61.000000,237.000000,0.000000,
MOVENODE,44,7000000.000000,109.000000,242.000000,0.000000,
MOVENODE,45,7000000.000000,177.000000,161.000000,0.000000,
MOVENODE,46,7000000.000000,233.000000,176.000000,0.000000,
MOVENODE,47,7000000.000000,317.000000,236.000000,0.000000,
MOVENODE,48,7000000.000000,377.000000,217.000000,0.000000,
MOVENODE,49,7000000.000000,413.000000,226.000000,0.000000,
MOVENODE,50,7000000.000000,278.000000,150.000000,0.000000,
MOVENODE,1,8000000.000000,10.000000,40.000000,0.000000,
MOVENODE,2,8000000.000000,54.000000,124.000000,0.000000,
MOVENODE,3,8000000.000000,186.000000,88.000000,0.000000,
MOVENODE,4,8000000.000000,163.000000,3.000000,0.000000,
MOVENODE,5,8000000.000000,412.000000,54.000000,0.000000,
MOVENODE,6,8000000.000000,403.000000,123.000000,0.000000,
MOVENODE,7,8000000.000000,282.000000,208.000000,0.000000,
MOVENODE,8,8000000.000000,336.000000,65.000000,0.000000,
MOVENODE,9,8000000.000000,425.000000,104.000000,0.000000,
MOVENODE,10,8000000.000000,462.000000,228.000000,0.000000,
MOVENODE,11,8000000.000000,392.000000,32.000000,0.000000,
MOVENODE,12,8000000.000000,364.000000,11.000000,0.000000,
MOVENODE,13,8000000.000000,110.000000,100.000000,0.000000,
MOVENODE,14,8000000.000000,120.000000,31.000000,0.000000,
MOVENODE,15,8000000.000000,78.000000,58.000000,0.000000,
MOVENODE,16,8000000.000000,245.000000,113.000000,0.000000,
MOVENODE,17,8000000.000000,186.000000,123.000000,0.000000,
MOVENODE,18,8000000.000000,245.000000,80.000000,0.000000,
MOVENODE,19,8000000.000000,315.000000,77.000000,0.000000,
MOVENODE,20,8000000.000000,385.000000,80.000000,0.000000,
MOVENODE,21,8000000.000000,323.000000,127.000000,0.000000,
MOVENODE,22,8000000.000000,365.000000,149.000000,0.000000,
MOVENODE,23,8000000.000000,193.000000,156.000000,0.000000,
MOVENODE,24,8000000.000000,313.000000,136.000000,0.000000,
MOVENODE,25,8000000.000000,153.000000,201.000000,0.000000,
MOVENODE,26,8000000.000000,32.000000,76.000000,0.000000,
MOVENODE,27,8000000.000000,56.000000,152.000000,0.000000,
MOVENODE,28,8000000.000000,127.000000,142.000000,0.000000,
MOVENODE,29,8000000.000000,361.000000,186.000000,0.000000,
MOVENODE,30,8000000.000000,405.000000,174.000000,0.000000,
MOVENODE,31,8000000.000000,445.000000,153.000000,0.000000,
MOVENODE,32,8000000.000000,455.000000,32.000000,0.000000,
MOVENODE,33,8000000.000000,20.000000,111.000000,0.000000,
MOVENODE,34,8000000.000000,11.000000,171.000000,0.000000,
MOVENODE,35,8000000.000000,31.000000,214.000000,0.000000,
MOVENODE,36,8000000.000000,105.000000,185.000000,0.000000,
MOVENODE,37,8000000.000000,222.000000,218.000000,0.000000,
MOVENODE,38,8000000.000000,172.000000,213.000000,0.000000,
MOVENODE,39,8000000.000000,213.000000,249.000000,0.000000,
MOVENODE,40,8000000.000000,265.000000,242.000000,0.000000,
MOVENODE,41,8000000.000000,339.000000,229.000000,0.000000,
MOVENODE,42,8000000.000000,469.000000,183.000000,0.000000,
MOVENODE,43,8000000.000000,61.000000,237.000000,0.000000,
MOVENODE,44,8000000.000000,109.000000,242.000000,0.000000,
MOVENODE,45,8000000.000000,177.000000,161.000000,0.000000,
MOVENODE,46,8000000.000000,233.000000,176.000000,0.000000,
MOVENODE,47,8000000.000000,317.000000,236.000000,0.000000,
MOVENODE,48,8000000.000000,377.000000,217.000000,0.000000,
MOVENODE,49,8000000.000000,413.000000,226.000000,0.000000,
MOVENODE,50,8000000.000000,278.000000,150.000000,0.000000,
MOVENODE,1,9000000.000000,6.000000,34.000000,0.000000,
MOVENODE,2,9000000.000000,56.000000,126.000000,0.000000,
MOVENODE,3,9000000.000000,187.000000,89.000000,0.000000,
MOVENODE,4,9000000.000000,146.000000,4.000000,0.000000,
MOVENODE,5,9000000.000000,411.000000,52.000000,0.000000,
MOVENODE,6,9000000.000000,409.000000,114.000000,0.000000,
MOVENODE,7,9000000.000000,286.000000,201.000000,0.000000,
MOVENODE,8,9000000.000000,335.000000,64.000000,0.000000,
MOVENODE,9,9000000.000000,426.000000,104.000000,0.000000,
MOVENODE,10,9000000.000000,461.000000,234.000000,0.000000,
MOVENODE,11,9000000.000000,391.000000,41.000000,0.000000,
MOVENODE,12,9000000.000000,364.000000,11.000000,0.000000,
MOVENODE,13,9000000.000000,109.000000,99.000000,0.000000,
MOVENODE,14,9000000.000000,121.000000,33.000000,0.000000,
MOVENODE,15,9000000.000000,77.000000,56.000000,0.000000,
MOVENODE,16,9000000.000000,244.000000,109.000000,0.000000,
MOVENODE,17,9000000.000000,181.000000,123.000000,0.000000,
MOVENODE,18,9000000.000000,244.000000,82.000000,0.000000,
MOVENODE,19,9000000.000000,314.000000,76.000000,0.000000,
MOVENODE,20,9000000.000000,384.000000,80.000000,0.000000,
MOVENODE,21,9000000.000000,323.000000,127.000000,0.000000,
MOVENODE,22,9000000.000000,366.000000,148.000000,0.000000,
MOVENODE,23,9000000.000000,187.000000,156.000000,0.000000,
MOVENODE,24,9000000.000000,309.000000,136.000000,0.000000,
MOVENODE,25,9000000.000000,153.000000,195.000000,0.000000,
MOVENODE,26,9000000.000000,23.000000,75.000000,0.000000,
MOVENODE,27,9000000.000000,56.000000,153.000000,0.000000,
MOVENODE,28,9000000.000000,128.000000,143.000000,0.000000,
MOVENODE,29,9000000.000000,354.000000,178.000000,0.000000,
MOVENODE,30,9000000.000000,402.000000,174.000000,0.000000,
MOVENODE,31,9000000.000000,446.000000,151.000000,0.000000,
MOVENODE,32,9000000.000000,454.000000,26.000000,0.000000,
MOVENODE,33,9000000.000000,21.000000,111.000000,0.000000,
MOVENODE,34,9000000.000000,12.000000,176.000000,0.000000,
MOVENODE,35,9000000.000000,29.000000,214.000000,0.000000,
MOVENODE,36,9000000.000000,103.000000,188.000000,0.000000,
MOVENODE,37,9000000.000000,218.000000,218.000000,0.000000,
MOVENODE,38,9000000.000000,171.000000,214.000000,0.000000,
MOVENODE,39,9000000.000000,211.000000,249.000000,0.000000,
MOVENODE,40,9000000.000000,261.000000,234.000000,0.000000,
MOVENODE,41,9000000.000000,340.000000,230.000000,0.000000,
MOVENODE,42,9000000.000000,465.000000,190.000000,0.000000,
MOVENODE,43,9000000.000000,58.000000,237.000000,0.000000,
MOVENODE,44,9000000.000000,108.000000,242.000000,0.000000,
MOVENODE,45,9000000.000000,180.000000,148.000000,0.000000,
MOVENODE,46,9000000.000000,228.000000,177.000000,0.000000,
MOVENODE,47,9000000.000000,318.000000,236.000000,0.000000,
MOVENODE,48,9000000.000000,375.000000,216.000000,0.000000,
MOVENODE,49,9000000.000000,414.000000,225.000000,0.000000,
MOVENODE,50,9000000.000000,278.000000,150.000000,0.000000,
MOVENODE,1,10000000.000000,6.000000,34.000000,0.000000,
MOVENODE,2,10000000.000000,56.000000,126.000000,0.000000,
MOVENODE,3,10000000.000000,187.000000,89.000000,0.000000,
MOVENODE,4,10000000.000000,146.000000,4.000000,0.000000,
MOVENODE,5,10000000.000000,411.000000,52.000000,0.000000,
MOVENODE,6,10000000.000000,409.000000,114.000000,0.000000,
MOVENODE,7,10000000.000000,286.000000,201.000000,0.000000,
MOVENODE,8,10000000.000000,335.000000,64.000000,0.000000,
MOVENODE,9,10000000.000000,426.000000,104.000000,0.000000,
MOVENODE,10,10000000.000000,461.000000,234.000000,0.000000,
MOVENODE,11,10000000.000000,391.000000,41.000000,0.000000,
MOVENODE,12,10000000.000000,364.000000,11.000000,0.000000,
MOVENODE,13,10000000.000000,109.000000,99.000000,0.000000,
MOVENODE,14,10000000.000000,121.000000,33.000000,0.000000,
MOVENODE,15,10000000.000000,77.000000,56.000000,0.000000,
MOVENODE,16,10000000.000000,244.000000,109.000000,0.000000,
MOVENODE,17,10000000.000000,181.000000,123.000000,0.000000,
MOVENODE,18,10000000.000000,244.000000,82.000000,0.000000,
MOVENODE,19,10000000.000000,314.000000,76.000000,0.000000,
MOVENODE,20,10000000.000000,384.000000,80.000000,0.000000,
MOVENODE,21,10000000.000000,323.000000,127.000000,0.000000,
MOVENODE,22,10000000.000000,366.000000,148.000000,0.000000,
MOVENODE,23,10000000.000000,187.000000,156.000000,0.000000,
MOVENODE,24,10000000.000000,309.000000,136.000000,0.000000,
MOVENODE,25,10000000.000000,153.000000,195.000000,0.000000,
MOVENODE,26,10000000.000000,23.000000,75.000000,0.000000,
MOVENODE,27,10000000.000000,56.000000,153.000000,0.000000,
MOVENODE,28,10000000.000000,128.000000,143.000000,0.000000,
MOVENODE,29,10000000.000000,354.000000,178.000000,0.000000,
MOVENODE,30,10000000.000000,402.000000,174.000000,0.000000,
MOVENODE,31,10000000.000000,446.000000,151.000000,0.000000,
MOVENODE,32,10000000.000000,454.000000,26.000000,0.000000,
MOVENODE,33,10000000.000000,21.000000,111.000000,0.000000,
MOVENODE,34,10000000.000000,12.000000,176.000000,0.000000,
MOVENODE,35,10000000.000000,29.000000,214.000000,0.000000,
MOVENODE,36,10000000.000000,103.000000,188.000000,0.000000,
MOVENODE,37,10000000.000000,218.000000,218.000000,0.000000,
MOVENODE,38,10000000.000000,171.000000,214.000000,0.000000,
MOVENODE,39,10000000.000000,211.000000,249.000000,0.000000,
MOVENODE,40,10000000.000000,261.000000,234.000000,0.000000,
MOVENODE,41,10000000.000000,340.000000,230.000000,0.000000,
MOVENODE,42,10000000.000000,465.000000,190.000000,0.000000,
MOVENODE,43,10000000.000000,58.000000,237.000000,0.000000,
MOVENODE,44,10000000.000000,108.000000,242.000000,0.000000,
MOVENODE,45,10000000.000000,180.000000,148.000000,0.000000,
MOVENODE,46,10000000.000000,228.000000,177.000000,0.000000,
MOVENODE,47,10000000.000000,318.000000,236.000000,0.000000,
MOVENODE,48,10000000.000000,375.000000,216.000000,0.000000,
MOVENODE,49,10000000.000000,414.000000,225.000000,0.000000,
MOVENODE,50,10000000.000000,278.000000,150.000000,0.000000,
MOVENODE,1,11000000.000000,5.000000,32.000000,0.000000,
MOVENODE,2,11000000.000000,56.000000,126.000000,0.000000,
MOVENODE,3,11000000.000000,187.000000,69.000000,0.000000,
MOVENODE,4,11000000.000000,145.000000,5.000000,0.000000,
MOVENODE,5,11000000.000000,412.000000,53.000000,0.000000,
MOVENODE,6,11000000.000000,409.000000,115.000000,0.000000,
MOVENODE,7,11000000.000000,277.000000,202.000000,0.000000,
MOVENODE,8,11000000.000000,336.000000,51.000000,0.000000,
MOVENODE,9,11000000.000000,423.000000,104.000000,0.000000,
MOVENODE,10,11000000.000000,464.000000,242.000000,0.000000,
MOVENODE,11,11000000.000000,379.000000,27.000000,0.000000,
MOVENODE,12,11000000.000000,356.000000,8.000000,0.000000,
MOVENODE,13,11000000.000000,100.000000,89.000000,0.000000,
MOVENODE,14,11000000.000000,122.000000,34.000000,0.000000,
MOVENODE,15,11000000.000000,74.000000,64.000000,0.000000,
MOVENODE,16,11000000.000000,248.000000,108.000000,0.000000,
MOVENODE,17,11000000.000000,182.000000,117.000000,0.000000,
MOVENODE,18,11000000.000000,245.000000,86.000000,0.000000,
MOVENODE,19,11000000.000000,315.000000,73.000000,0.000000,
MOVENODE,20,11000000.000000,383.000000,79.000000,0.000000,
MOVENODE,21,11000000.000000,324.000000,114.000000,0.000000,
MOVENODE,22,11000000.000000,366.000000,147.000000,0.000000,
MOVENODE,23,11000000.000000,183.000000,157.000000,0.000000,
MOVENODE,24,11000000.000000,309.000000,129.000000,0.000000,
MOVENODE,25,11000000.000000,159.000000,196.000000,0.000000,
MOVENODE,26,11000000.000000,22.000000,72.000000,0.000000,
MOVENODE,27,11000000.000000,56.000000,153.000000,0.000000,
MOVENODE,28,11000000.000000,128.000000,131.000000,0.000000,
MOVENODE,29,11000000.000000,356.000000,175.000000,0.000000,
MOVENODE,30,11000000.000000,385.000000,175.000000,0.000000,
MOVENODE,31,11000000.000000,446.000000,152.000000,0.000000,
MOVENODE,32,11000000.000000,453.000000,30.000000,0.000000,
MOVENODE,33,11000000.000000,18.000000,109.000000,0.000000,
MOVENODE,34,11000000.000000,13.000000,176.000000,0.000000,
MOVENODE,35,11000000.000000,29.000000,211.000000,0.000000,
MOVENODE,36,11000000.000000,102.000000,179.000000,0.000000,
MOVENODE,37,11000000.000000,226.000000,219.000000,0.000000,
MOVENODE,38,11000000.000000,170.000000,215.000000,0.000000,
MOVENODE,39,11000000.000000,208.000000,250.000000,0.000000,
MOVENODE,40,11000000.000000,259.000000,232.000000,0.000000,
MOVENODE,41,11000000.000000,334.000000,221.000000,0.000000,
MOVENODE,42,11000000.000000,461.000000,191.000000,0.000000,
MOVENODE,43,11000000.000000,59.000000,213.000000,0.000000,
MOVENODE,44,11000000.000000,113.000000,242.000000,0.000000,
MOVENODE,45,11000000.000000,181.000000,147.000000,0.000000,
MOVENODE,46,11000000.000000,228.000000,177.000000,0.000000,
MOVENODE,47,11000000.000000,318.000000,235.000000,0.000000,
MOVENODE,48,11000000.000000,372.000000,217.000000,0.000000,
MOVENODE,49,11000000.000000,415.000000,217.000000,0.000000,
MOVENODE,50,11000000.000000,273.000000,150.000000,0.000000,
MOVENODE,1,12000000.000000,5.000000,32.000000,0.000000,
MOVENODE,2,12000000.000000,56.000000,126.000000,0.000000,
MOVENODE,3,12000000.000000,187.000000,69.000000,0.000000,
MOVENODE,4,12000000.000000,145.000000,5.000000,0.000000,
MOVENODE,5,12000000.000000,412.000000,53.000000,0.000000,
MOVENODE,6,12000000.000000,409.000000,115.000000,0.000000,
MOVENODE,7,12000000.000000,277.000000,202.000000,0.000000,
MOVENODE,8,12000000.000000,336.000000,51.000000,0.000000,
MOVENODE,9,12000000.000000,423.000000,104.000000,0.000000,
MOVENODE,10,12000000.000000,464.000000,242.000000,0.000000,
MOVENODE,11,12000000.000000,379.000000,27.000000,0.000000,
MOVENODE,12,12000000.000000,356.000000,8.000000,0.000000,
MOVENODE,13,12000000.000000,100.000000,89.000000,0.000000,
MOVENODE,14,12000000.000000,122.000000,34.000000,0.000000,
MOVENODE,15,12000000.000000,74.000000,64.000000,0.000000,
MOVENODE,16,12000000.000000,248.000000,108.000000,0.000000,
MOVENODE,17,12000000.000000,182.000000,117.000000,0.000000,
MOVENODE,18,12000000.000000,245.000000,86.000000,0.000000,
MOVENODE,19,12000000.000000,315.000000,73.000000,0.000000,
MOVENODE,20,12000000.000000,383.000000,79.000000,0.000000,
MOVENODE,21,12000000.000000,324.000000,114.000000,0.000000,
MOVENODE,22,12000000.000000,366.000000,147.000000,0.000000,
MOVENODE,23,12000000.000000,183.000000,157.000000,0.000000,
MOVENODE,24,12000000.000000,309.000000,129.000000,0.000000,
MOVENODE,25,12000000.000000,159.000000,196.000000,0.000000,
MOVENODE,26,12000000.000000,22.000000,72.000000,0.000000,
MOVENODE,27,12000000.000000,56.000000,153.000000,0.000000,
MOVENODE,28,12000000.000000,128.000000,131.000000,0.000000,
MOVENODE,29,12000000.000000,356.000000,175.000000,0.000000,
MOVENODE,30,12000000.000000,385.000000,175.000000,0.000000,
MOVENODE,31,12000000.000000,446.000000,152.000000,0.000000,
MOVENODE,32,12000000.000000,453.000000,30.000000,0.000000,
MOVENODE,33,12000000.000000,18.000000,109.000000,0.000000,
MOVENODE,34,12000000.000000,13.000000,176.000000,0.000000,
MOVENODE,35,12000000.000000,29.000000,211.000000,0.000000,
MOVENODE,36,12000000.000000,102.000000,179.000000,0.000000,
MOVENODE,37,12000000.000000,226.000000,219.000000,0.000000,
MOVENODE,38,12000000.000000,170.000000,215.000000,0.000000,
MOVENODE,39,12000000.000000,208.000000,250.000000,0.000000,
MOVENODE,40,12000000.000000,259.000000,232.000000,0.000000,
MOVENODE,41,12000000.000000,334.000000,221.000000,0.000000,
MOVENODE,42,12000000.000000,461.000000,191.000000,0.000000,
MOVENODE,43,12000000.000000,59.000000,213.000000,0.000000,
MOVENODE,44,12000000.000000,113.000000,242.000000,0.000000,
MOVENODE,45,12000000.000000,181.000000,147.000000,0.000000,
MOVENODE,46,12000000.000000,228.000000,177.000000,0.000000,
MOVENODE,47,12000000.000000,318.000000,235.000000,0.000000,
MOVENODE,48,12000000.000000,372.000000,217.000000,0.000000,
MOVENODE,49,12000000.000000,415.000000,217.000000,0.000000,
MOVENODE,50,12000000.000000,273.000000,150.000000,0.000000,
MOVENODE,1,13000000.000000,4.000000,33.000000,0.000000,
MOVENODE,2,13000000.000000,55.000000,123.000000,0.000000,
MOVENODE,3,13000000.000000,188.000000,70.000000,0.000000,
MOVENODE,4,13000000.000000,145.000000,5.000000,0.000000,
MOVENODE,5,13000000.000000,411.000000,60.000000,0.000000,
MOVENODE,6,13000000.000000,412.000000,105.000000,0.000000,
MOVENODE,7,13000000.000000,276.000000,202.000000,0.000000,
MOVENODE,8,13000000.000000,335.000000,50.000000,0.000000,
MOVENODE,9,13000000.000000,422.000000,99.000000,0.000000,
MOVENODE,10,13000000.000000,463.000000,244.000000,0.000000,
MOVENODE,11,13000000.000000,373.000000,27.000000,0.000000,
MOVENODE,12,13000000.000000,357.000000,9.000000,0.000000,
MOVENODE,13,13000000.000000,99.000000,90.000000,0.000000,
MOVENODE,14,13000000.000000,121.000000,33.000000,0.000000,
MOVENODE,15,13000000.000000,75.000000,64.000000,0.000000,
MOVENODE,16,13000000.000000,252.000000,103.000000,0.000000,
MOVENODE,17,13000000.000000,172.000000,117.000000,0.000000,
MOVENODE,18,13000000.000000,236.000000,83.000000,0.000000,
MOVENODE,19,13000000.000000,314.000000,74.000000,0.000000,
MOVENODE,20,13000000.000000,384.000000,78.000000,0.000000,
MOVENODE,21,13000000.000000,325.000000,116.000000,0.000000,
MOVENODE,22,13000000.000000,367.000000,143.000000,0.000000,
MOVENODE,23,13000000.000000,183.000000,158.000000,0.000000,
MOVENODE,24,13000000.000000,307.000000,113.000000,0.000000,
MOVENODE,25,13000000.000000,154.000000,189.000000,0.000000,
MOVENODE,26,13000000.000000,12.000000,71.000000,0.000000,
MOVENODE,27,13000000.000000,56.000000,151.000000,0.000000,
MOVENODE,28,13000000.000000,131.000000,130.000000,0.000000,
MOVENODE,29,13000000.000000,355.000000,183.000000,0.000000,
MOVENODE,30,13000000.000000,384.000000,166.000000,0.000000,
MOVENODE,31,13000000.000000,450.000000,160.000000,0.000000,
MOVENODE,32,13000000.000000,453.000000,31.000000,0.000000,
MOVENODE,33,13000000.000000,18.000000,109.000000,0.000000,
MOVENODE,34,13000000.000000,13.000000,176.000000,0.000000,
MOVENODE,35,13000000.000000,28.000000,213.000000,0.000000,
MOVENODE,36,13000000.000000,103.000000,180.000000,0.000000,
MOVENODE,37,13000000.000000,224.000000,217.000000,0.000000,
MOVENODE,38,13000000.000000,150.000000,215.000000,0.000000,
MOVENODE,39,13000000.000000,195.000000,250.000000,0.000000,
MOVENODE,40,13000000.000000,260.000000,233.000000,0.000000,
MOVENODE,41,13000000.000000,333.000000,221.000000,0.000000,
MOVENODE,42,13000000.000000,460.000000,190.000000,0.000000,
MOVENODE,43,13000000.000000,60.000000,204.000000,0.000000,
MOVENODE,44,13000000.000000,107.000000,242.000000,0.000000,
MOVENODE,45,13000000.000000,177.000000,148.000000,0.000000,
MOVENODE,46,13000000.000000,227.000000,178.000000,0.000000,
MOVENODE,47,13000000.000000,317.000000,231.000000,0.000000,
MOVENODE,48,13000000.000000,369.000000,207.000000,0.000000,
MOVENODE,49,13000000.000000,416.000000,216.000000,0.000000,
MOVENODE,50,13000000.000000,274.000000,150.000000,0.000000,
MOVENODE,1,14000000.000000,4.000000,33.000000,0.000000,
MOVENODE,2,14000000.000000,55.000000,123.000000,0.000000,
MOVENODE,3,14000000.000000,188.000000,70.000000,0.000000,
MOVENODE,4,14000000.000000,145.000000,5.000000,0.000000,
MOVENODE,5,14000000.000000,411.000000,60.000000,0.000000,
MOVENODE,6,14000000.000000,412.000000,105.000000,0.000000,
MOVENODE,7,14000000.000000,276.000000,202.000000,0.000000,
MOVENODE,8,14000000.000000,335.000000,50.000000,0.000000,
MOVENODE,9,14000000.000000,422.000000,99.000000,0.000000,
MOVENODE,10,14000000.000000,463.000000,244.000000,0.000000,
MOVENODE,11,14000000.000000,373.000000,27.000000,0.000000,
MOVENODE,12,14000000.000000,357.000000,9.000000,0.000000,
MOVENODE,13,14000000.000000,99.000000,90.000000,0.000000,
MOVENODE,14,14000000.000000,121.000000,33.000000,0.000000,
MOVENODE,15,14000000.000000,75.000000,64.000000,0.000000,
MOVENODE,16,14000000.000000,252.000000,103.000000,0.000000,
MOVENODE,17,14000000.000000,172.000000,117.000000,0.000000,
MOVENODE,18,14000000.000000,236.000000,83.000000,0.000000,
MOVENODE,19,14000000.000000,314.000000,74.000000,0.000000,
MOVENODE,20,14000000.000000,384.000000,78.000000,0.000000,
MOVENODE,21,14000000.000000,325.000000,116.000000,0.000000,
MOVENODE,22,14000000.000000,367.000000,143.000000,0.000000,
MOVENODE,23,14000000.000000,183.000000,158.000000,0.000000,
MOVENODE,24,14000000.000000,307.000000,113.000000,0.000000,
MOVENODE,25,14000000.000000,154.000000,189.000000,0.000000,
MOVENODE,26,14000000.000000,12.000000,71.000000,0.000000,
MOVENODE,27,14000000.000000,56.000000,151.000000,0.000000,
MOVENODE,28,14000000.000000,131.000000,130.000000,0.000000,
MOVENODE,29,14000000.000000,355.000000,183.000000,0.000000,
MOVENODE,30,14000000.000000,384.000000,166.000000,0.000000,
MOVENODE,31,14000000.000000,450.000000,160.000000,0.000000,
MOVENODE,32,14000000.000000,453.000000,31.000000,0.000000,
MOVENODE,33,14000000.000000,18.000000,109.000000,0.000000,
MOVENODE,34,14000000.000000,13.000000,176.000000,0.000000,
MOVENODE,35,14000000.000000,28.000000,213.000000,0.000000,
MOVENODE,36,14000000.000000,103.000000,180.000000,0.000000,
MOVENODE,37,14000000.000000,224.000000,217.000000,0.000000,
MOVENODE,38,14000000.000000,150.000000,215.000000,0.000000,
MOVENODE,39,14000000.000000,195.000000,250.000000,0.000000,
MOVENODE,40,14000000.000000,260.000000,233.000000,0.000000,
MOVENODE,41,14000000.000000,333.000000,221.000000,0.000000,
MOVENODE,42,14000000.000000,460.000000,190.000000,0.000000,
MOVENODE,43,14000000.000000,60.000000,204.000000,0.000000,
MOVENODE,44,14000000.000000,107.000000,242.000000,0.000000,
MOVENODE,45,14000000.000000,177.000000,148.000000,0.000000,
MOVENODE,46,14000000.000000,227.000000,178.000000,0.000000,
MOVENODE,47,14000000.000000,317.000000,231.000000,0.000000,
MOVENODE,48,14000000.000000,369.000000,207.000000,0.000000,
MOVENODE,49,14000000.000000,416.000000,216.000000,0.000000,
MOVENODE,50,14000000.000000,274.000000,150.000000,0.000000,
MOVENODE,1,15000000.000000,5.000000,32.000000,0.000000,
MOVENODE,2,15000000.000000,56.000000,121.000000,0.000000,
MOVENODE,3,15000000.000000,189.000000,71.000000,0.000000,
MOVENODE,4,15000000.000000,135.000000,0.000000,0.000000,
MOVENODE,5,15000000.000000,412.000000,55.000000,0.000000,
MOVENODE,6,15000000.000000,412.000000,100.000000,0.000000,
MOVENODE,7,15000000.000000,270.000000,211.000000,0.000000,
MOVENODE,8,15000000.000000,335.000000,49.000000,0.000000,
MOVENODE,9,15000000.000000,419.000000,98.000000,0.000000,
MOVENODE,10,15000000.000000,465.000000,239.000000,0.000000,
MOVENODE,11,15000000.000000,370.000000,27.000000,0.000000,
MOVENODE,12,15000000.000000,354.000000,10.000000,0.000000,
MOVENODE,13,15000000.000000,98.000000,83.000000,0.000000,
MOVENODE,14,15000000.000000,121.000000,34.000000,0.000000,
MOVENODE,15,15000000.000000,75.000000,63.000000,0.000000,
MOVENODE,16,15000000.000000,244.000000,108.000000,0.000000,
MOVENODE,17,15000000.000000,166.000000,111.000000,0.000000,
MOVENODE,18,15000000.000000,240.000000,68.000000,0.000000,
MOVENODE,19,15000000.000000,314.000000,75.000000,0.000000,
MOVENODE,20,15000000.000000,384.000000,71.000000,0.000000,
MOVENODE,21,15000000.000000,325.000000,114.000000,0.000000,
MOVENODE,22,15000000.000000,366.000000,143.000000,0.000000,
MOVENODE,23,15000000.000000,184.000000,154.000000,0.000000,
MOVENODE,24,15000000.000000,313.000000,113.000000,0.000000,
MOVENODE,25,15000000.000000,155.000000,187.000000,0.000000,
MOVENODE,26,15000000.000000,11.000000,71.000000,0.000000,
MOVENODE,27,15000000.000000,53.000000,158.000000,0.000000,
MOVENODE,28,15000000.000000,132.000000,128.000000,0.000000,
MOVENODE,29,15000000.000000,350.000000,170.000000,0.000000,
MOVENODE,30,15000000.000000,383.000000,167.000000,0.000000,
MOVENODE,31,15000000.000000,448.000000,161.000000,0.000000,
MOVENODE,32,15000000.000000,452.000000,27.000000,0.000000,
MOVENODE,33,15000000.000000,17.000000,96.000000,0.000000,
MOVENODE,34,15000000.000000,12.000000,176.000000,0.000000,
MOVENODE,35,15000000.000000,24.000000,214.000000,0.000000,
MOVENODE,36,15000000.000000,104.000000,181.000000,0.000000,
MOVENODE,37,15000000.000000,225.000000,225.000000,0.000000,
MOVENODE,38,15000000.000000,150.000000,214.000000,0.000000,
MOVENODE,39,15000000.000000,191.000000,244.000000,0.000000,
MOVENODE,40,15000000.000000,260.000000,228.000000,0.000000,
MOVENODE,41,15000000.000000,332.000000,222.000000,0.000000,
MOVENODE,42,15000000.000000,461.000000,189.000000,0.000000,
MOVENODE,43,15000000.000000,60.000000,203.000000,0.000000,
MOVENODE,44,15000000.000000,107.000000,241.000000,0.000000,
MOVENODE,45,15000000.000000,177.000000,148.000000,0.000000,
MOVENODE,46,15000000.000000,226.000000,176.000000,0.000000,
MOVENODE,47,15000000.000000,310.000000,232.000000,0.000000,
MOVENODE,48,15000000.000000,364.000000,216.000000,0.000000,
MOVENODE,49,15000000.000000,415.000000,215.000000,0.000000,
MOVENODE,50,15000000.000000,275.000000,143.000000,0.000000,
MOVENODE,1,16000000.000000,5.000000,32.000000,0.000000,
MOVENODE,2,16000000.000000,56.000000,121.000000,0.000000,
MOVENODE,3,16000000.000000,189.000000,71.000000,0.000000,
MOVENODE,4,16000000.000000,135.000000,0.000000,0.000000,
MOVENODE,5,16000000.000000,412.000000,55.000000,0.000000,
MOVENODE,6,16000000.000000,412.000000,100.000000,0.000000,
MOVENODE,7,16000000.000000,270.000000,211.000000,0.000000,
MOVENODE,8,16000000.000000,335.000000,49.000000,0.000000,
MOVENODE,9,16000000.000000,419.000000,98.000000,0.000000,
MOVENODE,10,16000000.000000,465.000000,239.000000,0.000000,
MOVENODE,11,16000000.000000,370.000000,27.000000,0.000000,
MOVENODE,12,16000000.000000,354.000000,10.000000,0.000000,
MOVENODE,13,16000000.000000,98.000000,83.000000,0.000000,
MOVENODE,14,16000000.000000,121.000000,34.000000,0.000000,
MOVENODE,15,16000000.000000,75.000000,63.000000,0.000000,
MOVENODE,16,16000000.000000,244.000000,108.000000,0.000000,
MOVENODE,17,16000000.000000,166.000000,111.000000,0.000000,
MOVENODE,18,16000000.000000,240.000000,68.000000,0.000000,
MOVENODE,19,16000000.000000,314.000000,75.000000,0.000000,
MOVENODE,20,16000000.000000,384.000000,71.000000,0.000000,
MOVENODE,21,16000000.000000,325.000000,114.000000,0.000000,
MOVENODE,22,16000000.000000,366.000000,143.000000,0.000000,
MOVENODE,23,16000000.000000,184.000000,154.000000,0.000000,
MOVENODE,24,16000000.000000,313.000000,113.000000,0.000000,
MOVENODE,25,16000000.000000,155.000000,187.000000,0.000000,
MOVENODE,26,16000000.000000,11.000000,71.000000,0.000000,
MOVENODE,27,16000000.000000,53.000000,158.000000,0.000000,
MOVENODE,28,16000000.000000,132.000000,128.000000,0.000000,
MOVENODE,29,16000000.000000,350.000000,170.000000,0.000000,
MOVENODE,30,16000000.000000,383.000000,167.000000,0.000000,
MOVENODE,31,16000000.000000,448.000000,161.000000,0.000000,
MOVENODE,32,16000000.000000,452.000000,27.000000,0.000000,
MOVENODE,33,16000000.000000,17.000000,96.000000,0.000000,
MOVENODE,34,16000000.000000,12.000000,176.000000,0.000000,
MOVENODE,35,16000000.000000,24.000000,214.000000,0.000000,
MOVENODE,36,16000000.000000,104.000000,181.000000,0.000000,
MOVENODE,37,16000000.000000,225.000000,225.000000,0.000000,
MOVENODE,38,16000000.000000,150.000000,214.000000,0.000000,
MOVENODE,39,16000000.000000,191.000000,244.000000,0.000000,
MOVENODE,40,16000000.000000,260.000000,228.000000,0.000000,
MOVENODE,41,16000000.000000,332.000000,222.000000,0.000000,
MOVENODE,42,16000000.000000,461.000000,189.000000,0.000000,
MOVENODE,43,16000000.000000,60.000000,203.000000,0.000000,
MOVENODE,44,16000000.000000,107.000000,241.000000,0.000000,
MOVENODE,45,16000000.000000,177.000000,148.000000,0.000000,
MOVENODE,46,16000000.000000,226.000000,176.000000,0.000000,
MOVENODE,47,16000000.000000,310.000000,232.000000,0.000000,
MOVENODE,48,16000000.000000,364.000000,216.000000,0.000000,
MOVENODE,49,16000000.000000,415.000000,215.000000,0.000000,
MOVENODE,50,16000000.000000,275.000000,143.000000,0.000000,
MOVENODE,1,17000000.000000,1.000000,32.000000,0.000000,
MOVENODE,2,17000000.000000,47.000000,118.000000,0.000000,
MOVENODE,3,17000000.000000,189.000000,70.000000,0.000000,
MOVENODE,4,17000000.000000,136.000000,4.000000,0.000000,
MOVENODE,5,17000000.000000,413.000000,54.000000,0.000000,
MOVENODE,6,17000000.000000,412.000000,100.000000,0.000000,
MOVENODE,7,17000000.000000,263.000000,204.000000,0.000000,
MOVENODE,8,17000000.000000,334.000000,48.000000,0.000000,
MOVENODE,9,17000000.000000,424.000000,94.000000,0.000000,
MOVENODE,10,17000000.000000,466.000000,238.000000,0.000000,
MOVENODE,11,17000000.000000,373.000000,28.000000,0.000000,
MOVENODE,12,17000000.000000,355.000000,11.000000,0.000000,
MOVENODE,13,17000000.000000,103.000000,90.000000,0.000000,
MOVENODE,14,17000000.000000,122.000000,27.000000,0.000000,
MOVENODE,15,17000000.000000,74.000000,63.000000,0.000000,
MOVENODE,16,17000000.000000,243.000000,105.000000,0.000000,
MOVENODE,17,17000000.000000,156.000000,112.000000,0.000000,
MOVENODE,18,17000000.000000,241.000000,67.000000,0.000000,
MOVENODE,19,17000000.000000,313.000000,75.000000,0.000000,
MOVENODE,20,17000000.000000,384.000000,72.000000,0.000000,
MOVENODE,21,17000000.000000,312.000000,118.000000,0.000000,
MOVENODE,22,17000000.000000,366.000000,149.000000,0.000000,
MOVENODE,23,17000000.000000,190.000000,155.000000,0.000000,
MOVENODE,24,17000000.000000,305.000000,113.000000,0.000000,
MOVENODE,25,17000000.000000,155.000000,190.000000,0.000000,
MOVENODE,26,17000000.000000,11.000000,72.000000,0.000000,
MOVENODE,27,17000000.000000,47.000000,162.000000,0.000000,
MOVENODE,28,17000000.000000,132.000000,125.000000,0.000000,
MOVENODE,29,17000000.000000,351.000000,176.000000,0.000000,
MOVENODE,30,17000000.000000,381.000000,167.000000,0.000000,
MOVENODE,31,17000000.000000,449.000000,170.000000,0.000000,
MOVENODE,32,17000000.000000,453.000000,33.000000,0.000000,
MOVENODE,33,17000000.000000,20.000000,104.000000,0.000000,
MOVENODE,34,17000000.000000,12.000000,176.000000,0.000000,
MOVENODE,35,17000000.000000,26.000000,214.000000,0.000000,
MOVENODE,36,17000000.000000,104.000000,178.000000,0.000000,
MOVENODE,37,17000000.000000,226.000000,224.000000,0.000000,
MOVENODE,38,17000000.000000,151.000000,210.000000,0.000000,
MOVENODE,39,17000000.000000,186.000000,243.000000,0.000000,
MOVENODE,40,17000000.000000,259.000000,226.000000,0.000000,
MOVENODE,41,17000000.000000,332.000000,220.000000,0.000000,
MOVENODE,42,17000000.000000,462.000000,184.000000,0.000000,
MOVENODE,43,17000000.000000,67.000000,198.000000,0.000000,
MOVENODE,44,17000000.000000,107.000000,241.000000,0.000000,
MOVENODE,45,17000000.000000,177.000000,139.000000,0.000000,
MOVENODE,46,17000000.000000,226.000000,176.000000,0.000000,
MOVENODE,47,17000000.000000,309.000000,230.000000,0.000000,
MOVENODE,48,17000000.000000,364.000000,218.000000,0.000000,
MOVENODE,49,17000000.000000,415.000000,214.000000,0.000000,
MOVENODE,50,17000000.000000,275.000000,143.000000,0.000000,
MOVENODE,1,18000000.000000,1.000000,32.000000,0.000000,
MOVENODE,2,18000000.000000,47.000000,118.000000,0.000000,
MOVENODE,3,18000000.000000,189.000000,70.000000,0.000000,
MOVENODE,4,18000000.000000,136.000000,4.000000,0.000000,
MOVENODE,5,18000000.000000,413.000000,54.000000,0.000000,
MOVENODE,6,18000000.000000,412.000000,100.000000,0.000000,
MOVENODE,7,18000000.000000,263.000000,204.000000,0.000000,
MOVENODE,8,18000000.000000,334.000000,48.000000,0.000000,
MOVENODE,9,18000000.000000,424.000000,94.000000,0.000000,
MOVENODE,10,18000000.000000,466.000000,238.000000,0.000000,
MOVENODE,11,18000000.000000,373.000000,28.000000,0.000000,
MOVENODE,12,18000000.000000,355.000000,11.000000,0.000000,
MOVENODE,13,18000000.000000,103.000000,90.000000,0.000000,
MOVENODE,14,18000000.000000,122.000000,27.000000,0.000000,
MOVENODE,15,18000000.000000,74.000000,63.000000,0.000000,
MOVENODE,16,18000000.000000,243.000000,105.000000,0.000000,
MOVENODE,17,18000000.000000,156.000000,112.000000,0.000000,
MOVENODE,18,18000000.000000,241.000000,67.000000,0.000000,
MOVENODE,19,18000000.000000,313.000000,75.000000,0.000000,
MOVENODE,20,18000000.000000,384.000000,72.000000,0.000000,
MOVENODE,21,18000000.000000,312.000000,118.000000,0.000000,
MOVENODE,22,18000000.000000,366.000000,149.000000,0.000000,
MOVENODE,23,18000000.000000,190.000000,155.000000,0.000000,
MOVENODE,24,18000000.000000,305.000000,113.000000,0.000000,
MOVENODE,25,18000000.000000,155.000000,190.000000,0.000000,
MOVENODE,26,18000000.000000,11.000000,72.000000,0.000000,
MOVENODE,27,18000000.000000,47.000000,162.000000,0.000000,
MOVENODE,28,18000000.000000,132.000000,125.000000,0.000000,
MOVENODE,29,18000000.000000,351.000000,176.000000,0.000000,
MOVENODE,30,18000000.000000,381.000000,167.000000,0.000000,
MOVENODE,31,18000000.000000,449.000000,170.000000,0.000000,
MOVENODE,32,18000000.000000,453.000000,33.000000,0.000000,
MOVENODE,33,18000000.000000,20.000000,104.000000,0.000000,
MOVENODE,34,18000000.000000,12.000000,176.000000,0.000000,
MOVENODE,35,18000000.000000,26.000000,214.000000,0.000000,
MOVENODE,36,18000000.000000,104.000000,178.000000,0.000000,
MOVENODE,37,18000000.000000,226.000000,224.000000,0.000000,
MOVENODE,38,18000000.000000,151.000000,210.000000,0.000000,
MOVENODE,39,18000000.000000,186.000000,243.000000,0.000000,
MOVENODE,40,18000000.000000,259.000000,226.000000,0.000000,
MOVENODE,41,18000000.000000,332.000000,220.000000,0.000000,
MOVENODE,42,18000000.000000,462.000000,184.000000,0.000000,
MOVENODE,43,18000000.000000,67.000000,198.000000,0.000000,
MOVENODE,44,18000000.000000,107.000000,241.000000,0.000000,
MOVENODE,45,18000000.000000,177.000000,139.000000,0.000000,
MOVENODE,46,18000000.000000,226.000000,176.000000,0.000000,
MOVENODE,47,18000000.000000,309.000000,230.000000,0.000000,
MOVENODE,48,18000000.000000,364.000000,218.000000,0.000000,
MOVENODE,49,18000000.000000,415.000000,214.000000,0.000000,
MOVENODE,50,18000000.000000,275.000000,143.000000,0.000000,
MOVENODE,1,19000000.000000,1.000000,32.000000,0.000000,
MOVENODE,2,19000000.000000,46.000000,119.000000,0.000000,
MOVENODE,3,19000000.000000,188.000000,67.000000,0.000000,
MOVENODE,4,19000000.000000,135.000000,3.000000,0.000000,
MOVENODE,5,19000000.000000,414.000000,55.000000,0.000000,
MOVENODE,6,19000000.000000,412.000000,95.000000,0.000000,
MOVENODE,7,19000000.000000,264.000000,203.000000,0.000000,
MOVENODE,8,19000000.000000,333.000000,49.000000,0.000000,
MOVENODE,9,19000000.000000,425.000000,95.000000,0.000000,
MOVENODE,10,19000000.000000,467.000000,239.000000,0.000000,
MOVENODE,11,19000000.000000,374.000000,25.000000,0.000000,
MOVENODE,12,19000000.000000,356.000000,11.000000,0.000000,
MOVENODE,13,19000000.000000,102.000000,90.000000,0.000000,
MOVENODE,14,19000000.000000,113.000000,25.000000,0.000000,
MOVENODE,15,19000000.000000,73.000000,62.000000,0.000000,
MOVENODE,16,19000000.000000,242.000000,107.000000,0.000000,
MOVENODE,17,19000000.000000,157.000000,113.000000,0.000000,
MOVENODE,18,19000000.000000,240.000000,68.000000,0.000000,
MOVENODE,19,19000000.000000,310.000000,76.000000,0.000000,
MOVENODE,20,19000000.000000,384.000000,72.000000,0.000000,
MOVENODE,21,19000000.000000,308.000000,117.000000,0.000000,
MOVENODE,22,19000000.000000,364.000000,146.000000,0.000000,
MOVENODE,23,19000000.000000,189.000000,155.000000,0.000000,
MOVENODE,24,19000000.000000,306.000000,112.000000,0.000000,
MOVENODE,25,19000000.000000,149.000000,191.000000,0.000000,
MOVENODE,26,19000000.000000,0.000000,73.000000,0.000000,
MOVENODE,27,19000000.000000,32.000000,162.000000,0.000000,
MOVENODE,28,19000000.000000,133.000000,124.000000,0.000000,
MOVENODE,29,19000000.000000,343.000000,167.000000,0.000000,
MOVENODE,30,19000000.000000,373.000000,167.000000,0.000000,
MOVENODE,31,19000000.000000,447.000000,171.000000,0.000000,
MOVENODE,32,19000000.000000,454.000000,33.000000,0.000000,
MOVENODE,33,19000000.000000,7.000000,100.000000,0.000000,
MOVENODE,34,19000000.000000,11.000000,176.000000,0.000000,
MOVENODE,35,19000000.000000,26.000000,212.000000,0.000000,
MOVENODE,36,19000000.000000,104.000000,179.000000,0.000000,
MOVENODE,37,19000000.000000,220.000000,225.000000,0.000000,
MOVENODE,38,19000000.000000,151.000000,210.000000,0.000000,
MOVENODE,39,19000000.000000,183.000000,244.000000,0.000000,
MOVENODE,40,19000000.000000,260.000000,230.000000,0.000000,
MOVENODE,41,19000000.000000,333.000000,218.000000,0.000000,
MOVENODE,42,19000000.000000,462.000000,185.000000,0.000000,
MOVENODE,43,19000000.000000,62.000000,197.000000,0.000000,
MOVENODE,44,19000000.000000,104.000000,227.000000,0.000000,
MOVENODE,45,19000000.000000,177.000000,136.000000,0.000000,
MOVENODE,46,19000000.000000,214.000000,173.000000,0.000000,
MOVENODE,47,19000000.000000,310.000000,225.000000,0.000000,
MOVENODE,48,19000000.000000,360.000000,215.000000,0.000000,
MOVENODE,49,19000000.000000,414.000000,214.000000,0.000000,
MOVENODE,50,19000000.000000,272.000000,142.000000,0.000000,
MOVENODE,1,20000000.000000,1.000000,32.000000,0.000000,
MOVENODE,2,20000000.000000,46.000000,119.000000,0.000000,
MOVENODE,3,20000000.000000,188.000000,67.000000,0.000000,
MOVENODE,4,20000000.000000,135.000000,3.000000,0.000000,
MOVENODE,5,20000000.000000,414.000000,55.000000,0.000000,
MOVENODE,6,20000000.000000,412.000000,95.000000,0.000000,
MOVENODE,7,20000000.000000,264.000000,203.000000,0.000000,
MOVENODE,8,20000000.000000,333.000000,49.000000,0.000000,
MOVENODE,9,20000000.000000,425.000000,95.000000,0.000000,
MOVENODE,10,20000000.000000,467.000000,239.000000,0.000000,
MOVENODE,11,20000000.000000,374.000000,25.000000,0.000000,
MOVENODE,12,20000000.000000,356.000000,11.000000,0.000000,
MOVENODE,13,20000000.000000,102.000000,90.000000,0.000000,
MOVENODE,14,20000000.000000,113.000000,25.000000,0.000000,
MOVENODE,15,20000000.000000,73.000000,62.000000,0.000000,
MOVENODE,16,20000000.000000,242.000000,107.000000,0.000000,
MOVENODE,17,20000000.000000,157.000000,113.000000,0.000000,
MOVENODE,18,20000000.000000,240.000000,68.000000,0.000000,
MOVENODE,19,20000000.000000,310.000000,76.000000,0.000000,
MOVENODE,20,20000000.000000,384.000000,72.000000,0.000000,
MOVENODE,21,20000000.000000,308.000000,117.000000,0.000000,
MOVENODE,22,20000000.000000,364.000000,146.000000,0.000000,
MOVENODE,23,20000000.000000,189.000000,155.000000,0.000000,
MOVENODE,24,20000000.000000,306.000000,112.000000,0.000000,
MOVENODE,25,20000000.000000,149.000000,191.000000,0.000000,
MOVENODE,26,20000000.000000,0.000000,73.000000,0.000000,
MOVENODE,27,20000000.000000,32.000000,162.000000,0.000000,
MOVENODE,28,20000000.000000,133.000000,124.000000,0.000000,
MOVENODE,29,20000000.000000,343.000000,167.000000,0.000000,
MOVENODE,30,20000000.000000,373.000000,167.000000,0.000000,
MOVENODE,31,20000000.000000,447.000000,171.000000,0.000000,
MOVENODE,32,20000000.000000,454.000000,33.000000,0.000000,
MOVENODE,33,20000000.000000,7.000000,100.000000,0.000000,
MOVENODE,34,20000000.000000,11.000000,176.000000,0.000000,
MOVENODE,35,20000000.000000,26.000000,212.000000,0.000000,
MOVENODE,36,20000000.000000,104.000000,179.000000,0.000000,
MOVENODE,37,20000000.000000,220.000000,225.000000,0.000000,
MOVENODE,38,20000000.000000,151.000000,210.000000,0.000000,
MOVENODE,39,20000000.000000,183.000000,244.000000,0.000000,
MOVENODE,40,20000000.000000,260.000000,230.000000,0.000000,
MOVENODE,41,20000000.000000,333.000000,218.000000,0.000000,
MOVENODE,42,20000000.000000,462.000000,185.000000,0.000000,
MOVENODE,43,20000000.000000,62.000000,197.000000,0.000000,
MOVENODE,44,20000000.000000,104.000000,227.000000,0.000000,
MOVENODE,45,20000000.000000,177.000000,136.000000,0.000000,
MOVENODE,46,20000000.000000,214.000000,173.000000,0.000000,
MOVENODE,47,20000000.000000,310.000000,225.000000,0.000000,
MOVENODE,48,20000000.000000,360.000000,215.000000,0.000000,
MOVENODE,49,20000000.000000,414.000000,214.000000,0.000000,
MOVENODE,50,20000000.000000,272.000000,142.000000,0.000000,
MOVENODE,1,21000000.000000,0.000000,36.000000,0.000000,
MOVENODE,2,21000000.000000,46.000000,113.000000,0.000000,
MOVENODE,3,21000000.000000,178.000000,68.000000,0.000000,
MOVENODE,4,21000000.000000,134.000000,3.000000,0.000000,
MOVENODE,5,21000000.000000,395.000000,49.000000,0.000000,
MOVENODE,6,21000000.000000,410.000000,96.000000,0.000000,
MOVENODE,7,21000000.000000,260.000000,202.000000,0.000000,
MOVENODE,8,21000000.000000,332.000000,48.000000,0.000000,
MOVENODE,9,21000000.000000,424.000000,90.000000,0.000000,
MOVENODE,10,21000000.000000,466.000000,226.000000,0.000000,
MOVENODE,11,21000000.000000,370.000000,22.000000,0.000000,
MOVENODE,12,21000000.000000,355.000000,9.000000,0.000000,
MOVENODE,13,21000000.000000,100.000000,90.000000,0.000000,
MOVENODE,14,21000000.000000,115.000000,16.000000,0.000000,
MOVENODE,15,21000000.000000,69.000000,46.000000,0.000000,
MOVENODE,16,21000000.000000,238.000000,108.000000,0.000000,
MOVENODE,17,21000000.000000,152.000000,113.000000,0.000000,
MOVENODE,18,21000000.000000,239.000000,63.000000,0.000000,
MOVENODE,19,21000000.000000,310.000000,74.000000,0.000000,
MOVENODE,20,21000000.000000,383.000000,73.000000,0.000000,
MOVENODE,21,21000000.000000,310.000000,114.000000,0.000000,
MOVENODE,22,21000000.000000,364.000000,146.000000,0.000000,
MOVENODE,23,21000000.000000,190.000000,143.000000,0.000000,
MOVENODE,24,21000000.000000,306.000000,108.000000,0.000000,
MOVENODE,25,21000000.000000,146.000000,190.000000,0.000000,
MOVENODE,26,21000000.000000,0.000000,70.000000,0.000000,
MOVENODE,27,21000000.000000,31.000000,162.000000,0.000000,
MOVENODE,28,21000000.000000,136.000000,123.000000,0.000000,
MOVENODE,29,21000000.000000,340.000000,164.000000,0.000000,
MOVENODE,30,21000000.000000,369.000000,160.000000,0.000000,
MOVENODE,31,21000000.000000,447.000000,172.000000,0.000000,
MOVENODE,32,21000000.000000,439.000000,27.000000,0.000000,
MOVENODE,33,21000000.000000,8.000000,101.000000,0.000000,
MOVENODE,34,21000000.000000,11.000000,179.000000,0.000000,
MOVENODE,35,21000000.000000,32.000000,211.000000,0.000000,
MOVENODE,36,21000000.000000,103.000000,185.000000,0.000000,
MOVENODE,37,21000000.000000,218.000000,217.000000,0.000000,
MOVENODE,38,21000000.000000,150.000000,208.000000,0.000000,
MOVENODE,39,21000000.000000,181.000000,245.000000,0.000000,
MOVENODE,40,21000000.000000,261.000000,230.000000,0.000000,
MOVENODE,41,21000000.000000,330.000000,217.000000,0.000000,
MOVENODE,42,21000000.000000,469.000000,184.000000,0.000000,
MOVENODE,43,21000000.000000,63.000000,198.000000,0.000000,
MOVENODE,44,21000000.000000,109.000000,219.000000,0.000000,
MOVENODE,45,21000000.000000,176.000000,136.000000,0.000000,
MOVENODE,46,21000000.000000,215.000000,174.000000,0.000000,
MOVENODE,47,21000000.000000,311.000000,225.000000,0.000000,
MOVENODE,48,21000000.000000,359.000000,214.000000,0.000000,
MOVENODE,49,21000000.000000,414.000000,213.000000,0.000000,
MOVENODE,50,21000000.000000,271.000000,136.000000,0.000000,
MOVENODE,1,22000000.000000,0.000000,36.000000,0.000000,
MOVENODE,2,22000000.000000,46.000000,113.000000,0.000000,
MOVENODE,3,22000000.000000,178.000000,68.000000,0.000000,
MOVENODE,4,22000000.000000,134.000000,3.000000,0.000000,
MOVENODE,5,22000000.000000,395.000000,49.000000,0.000000,
MOVENODE,6,22000000.000000,410.000000,96.000000,0.000000,
MOVENODE,7,22000000.000000,260.000000,202.000000,0.000000,
MOVENODE,8,22000000.000000,332.000000,48.000000,0.000000,
MOVENODE,9,22000000.000000,424.000000,90.000000,0.000000,
MOVENODE,10,22000000.000000,466.000000,226.000000,0.000000,
MOVENODE,11,22000000.000000,370.000000,22.000000,0.000000,
MOVENODE,12,22000000.000000,355.000000,9.000000,0.000000,
MOVENODE,13,22000000.000000,100.000000,90.000000,0.000000,
MOVENODE,14,22000000.000000,115.000000,16.000000,0.000000,
MOVENODE,15,22000000.000000,69.000000,46.000000,0.000000,
MOVENODE,16,22000000.000000,238.000000,108.000000,0.000000,
MOVENODE,17,22000000.000000,152.000000,113.000000,0.000000,
MOVENODE,18,22000000.000000,239.000000,63.000000,0.000000,
MOVENODE,19,22000000.000000,310.000000,74.000000,0.000000,
MOVENODE,20,22000000.000000,383.000000,73.000000,0.000000,
MOVENODE,21,22000000.000000,310.000000,114.000000,0.000000,
MOVENODE,22,22000000.000000,364.000000,146.000000,0.000000,
MOVENODE,23,22000000.000000,190.000000,143.000000,0.000000,
MOVENODE,24,22000000.000000,306.000000,108.000000,0.000000,
MOVENODE,25,22000000.000000,146.000000,190.000000,0.000000,
MOVENODE,26,22000000.000000,0.000000,70.000000,0.000000,
MOVENODE,27,22000000.000000,31.000000,162.000000,0.000000,
MOVENODE,28,22000000.000000,136.000000,123.000000,0.000000,
MOVENODE,29,22000000.000000,340.000000,164.000000,0.000000,
MOVENODE,30,22000000.000000,369.000000,160.000000,0.000000,
MOVENODE,31,22000000.000000,447.000000,172.000000,0.000000,
MOVENODE,32,22000000.000000,439.000000,27.000000,0.000000,
MOVENODE,33,22000000.000000,8.000000,101.000000,0.000000,
MOVENODE,34,22000000.000000,11.000000,179.000000,0.000000,
MOVENODE,35,22000000.000000,32.000000,211.000000,0.000000,
MOVENODE,36,22000000.000000,103.000000,185.000000,0.000000,
MOVENODE,37,22000000.000000,218.000000,217.000000,0.000000,
MOVENODE,38,22000000.000000,150.000000,208.000000,0.000000,
MOVENODE,39,22000000.000000,181.000000,245.000000,0.000000,
MOVENODE,40,22000000.000000,261.000000,230.000000,0.000000,
MOVENODE,41,22000000.000000,330.000000,217.000000,0.000000,
MOVENODE,42,22000000.000000,469.000000,184.000000,0.000000,
MOVENODE,43,22000000.000000,63.000000,198.000000,0.000000,
MOVENODE,44,22000000.000000,109.000000,219.000000,0.000000,
MOVENODE,45,22000000.000000,176.000000,136.000000,0.000000,
MOVENODE,46,22000000.000000,215.000000,174.000000,0.000000,
MOVENODE,47,22000000.000000,311.000000,225.000000,0.000000,
MOVENODE,48,22000000.000000,359.000000,214.000000,0.000000,
MOVENODE,49,22000000.000000,414.000000,213.000000,0.000000,
MOVENODE,50,22000000.000000,271.000000,136.000000,0.000000,
MOVENODE,1,23000000.000000,0.000000,23.000000,0.000000,
MOVENODE,2,23000000.000000,45.000000,105.000000,0.000000,
MOVENODE,3,23000000.000000,184.000000,67.000000,0.000000,
MOVENODE,4,23000000.000000,135.000000,1.000000,0.000000,
MOVENODE,5,23000000.000000,395.000000,50.000000,0.000000,
MOVENODE,6,23000000.000000,410.000000,86.000000,0.000000,
MOVENODE,7,23000000.000000,260.000000,205.000000,0.000000,
MOVENODE,8,23000000.000000,338.000000,43.000000,0.000000,
MOVENODE,9,23000000.000000,424.000000,90.000000,0.000000,
MOVENODE,10,23000000.000000,465.000000,224.000000,0.000000,
MOVENODE,11,23000000.000000,371.000000,23.000000,0.000000,
MOVENODE,12,23000000.000000,356.000000,4.000000,0.000000,
MOVENODE,13,23000000.000000,99.000000,84.000000,0.000000,
MOVENODE,14,23000000.000000,114.000000,10.000000,0.000000,
MOVENODE,15,23000000.000000,70.000000,45.000000,0.000000,
MOVENODE,16,23000000.000000,241.000000,111.000000,0.000000,
MOVENODE,17,23000000.000000,143.000000,114.000000,0.000000,
MOVENODE,18,23000000.000000,238.000000,63.000000,0.000000,
MOVENODE,19,23000000.000000,310.000000,75.000000,0.000000,
MOVENODE,20,23000000.000000,383.000000,73.000000,0.000000,
MOVENODE,21,23000000.000000,309.000000,113.000000,0.000000,
MOVENODE,22,23000000.000000,352.000000,145.000000,0.000000,
MOVENODE,23,23000000.000000,190.000000,139.000000,0.000000,
MOVENODE,24,23000000.000000,307.000000,107.000000,0.000000,
MOVENODE,25,23000000.000000,146.000000,194.000000,0.000000,
MOVENODE,26,23000000.000000,0.000000,71.000000,0.000000,
MOVENODE,27,23000000.000000,16.000000,154.000000,0.000000,
MOVENODE,28,23000000.000000,121.000000,116.000000,0.000000,
MOVENODE,29,23000000.000000,344.000000,165.000000,0.000000,
MOVENODE,30,23000000.000000,368.000000,152.000000,0.000000,
MOVENODE,31,23000000.000000,439.000000,171.000000,0.000000,
MOVENODE,32,23000000.000000,436.000000,27.000000,0.000000,
MOVENODE,33,23000000.000000,8.000000,105.000000,0.000000,
MOVENODE,34,23000000.000000,9.000000,178.000000,0.000000,
MOVENODE,35,23000000.000000,29.000000,211.000000,0.000000,
MOVENODE,36,23000000.000000,104.000000,186.000000,0.000000,
MOVENODE,37,23000000.000000,218.000000,216.000000,0.000000,
MOVENODE,38,23000000.000000,151.000000,208.000000,0.000000,
MOVENODE,39,23000000.000000,180.000000,246.000000,0.000000,
MOVENODE,40,23000000.000000,261.000000,231.000000,0.000000,
MOVENODE,41,23000000.000000,336.000000,215.000000,0.000000,
MOVENODE,42,23000000.000000,468.000000,185.000000,0.000000,
MOVENODE,43,23000000.000000,64.000000,197.000000,0.000000,
MOVENODE,44,23000000.000000,109.000000,214.000000,0.000000,
MOVENODE,45,23000000.000000,173.000000,137.000000,0.000000,
MOVENODE,46,23000000.000000,215.000000,173.000000,0.000000,
MOVENODE,47,23000000.000000,312.000000,224.000000,0.000000,
MOVENODE,48,23000000.000000,360.000000,213.000000,0.000000,
MOVENODE,49,23000000.000000,412.000000,214.000000,0.000000,
MOVENODE,50,23000000.000000,271.000000,141.000000,0.000000,
MOVENODE,1,24000000.000000,0.000000,23.000000,0.000000,
MOVENODE,2,24000000.000000,45.000000,105.000000,0.000000,
MOVENODE,3,24000000.000000,184.000000,67.000000,0.000000,
MOVENODE,4,24000000.000000,135.000000,1.000000,0.000000,
MOVENODE,5,24000000.000000,395.000000,50.000000,0.000000,
MOVENODE,6,24000000.000000,410.000000,86.000000,0.000000,
MOVENODE,7,24000000.000000,260.000000,205.000000,0.000000,
MOVENODE,8,24000000.000000,338.000000,43.000000,0.000000,
MOVENODE,9,24000000.000000,424.000000,90.000000,0.000000,
MOVENODE,10,24000000.000000,465.000000,224.000000,0.000000,
MOVENODE,11,24000000.000000,371.000000,23.000000,0.000000,
MOVENODE,12,24000000.000000,356.000000,4.000000,0.000000,
MOVENODE,13,24000000.000000,99.000000,84.000000,0.000000,
MOVENODE,14,24000000.000000,114.000000,10.000000,0.000000,
MOVENODE,15,24000000.000000,70.000000,45.000000,0.000000,
MOVENODE,16,24000000.000000,241.000000,111.000000,0.000000,
MOVENODE,17,24000000.000000,143.000000,114.000000,0.000000,
MOVENODE,18,24000000.000000,238.000000,63.000000,0.000000,
MOVENODE,19,24000000.000000,310.000000,75.000000,0.000000,
MOVENODE,20,24000000.000000,383.000000,73.000000,0.000000,
MOVENODE,21,24000000.000000,309.000000,113.000000,0.000000,
MOVENODE,22,24000000.000000,352.000000,145.000000,0.000000,
MOVENODE,23,24000000.000000,190.000000,139.000000,0.000000,
MOVENODE,24,24000000.000000,307.000000,107.000000,0.000000,
MOVENODE,25,24000000.000000,146.000000,194.000000,0.000000,
MOVENODE,26,24000000.000000,0.000000,71.000000,0.000000,
MOVENODE,27,24000000.000000,16.000000,154.000000,0.000000,
MOVENODE,28,24000000.000000,121.000000,116.000000,0.000000,
MOVENODE,29,24000000.000000,344.000000,165.000000,0.000000,
MOVENODE,30,24000000.000000,368.000000,152.000000,0.000000,
MOVENODE,31,24000000.000000,439.000000,171.000000,0.000000,
MOVENODE,32,24000000.000000,436.000000,27.000000,0.000000,
MOVENODE,33,24000000.000000,8.000000,105.000000,0.000000,
MOVENODE,34,24000000.000000,9.000000,178.000000,0.000000,
MOVENODE,35,24000000.000000,29.000000,211.000000,0.000000,
MOVENODE,36,24000000.000000,104.000000,186.000000,0.000000,
MOVENODE,37,24000000.000000,218.000000,216.000000,0.000000,
MOVENODE,38,24000000.000000,151.000000,208.000000,0.000000,
MOVENODE,39,24000000.000000,180.000000,246.000000,0.000000,
MOVENODE,40,24000000.000000,261.000000,231.000000,0.000000,
MOVENODE,41,24000000.000000,336.000000,215.000000,0.000000,
MOVENODE,42,24000000.000000,468.000000,185.000000,0.000000,
MOVENODE,43,24000000.000000,64.000000,197.000000,0.000000,
MOVENODE,44,24000000.000000,109.000000,214.000000,0.000000,
MOVENODE,45,24000000.000000,173.000000,137.000000,0.000000,
MOVENODE,46,24000000.000000,215.000000,173.000000,0.000000,
MOVENODE,47,24000000.000000,312.000000,224.000000,0.000000,
MOVENODE,48,24000000.000000,360.000000,213.000000,0.000000,
MOVENODE,49,24000000.000000,412.000000,214.000000,0.000000,
MOVENODE,50,24000000.000000,271.000000,141.000000,0.000000,
MOVENODE,1,25000000.000000,1.000000,22.000000,0.000000,
MOVENODE,2,25000000.000000,46.000000,106.000000,0.000000,
MOVENODE,3,25000000.000000,180.000000,66.000000,0.000000,
MOVENODE,4,25000000.000000,131.000000,1.000000,0.000000,
MOVENODE,5,25000000.000000,394.000000,50.000000,0.000000,
MOVENODE,6,25000000.000000,419.000000,87.000000,0.000000,
MOVENODE,7,25000000.000000,260.000000,206.000000,0.000000,
MOVENODE,8,25000000.000000,339.000000,42.000000,0.000000,
MOVENODE,9,25000000.000000,423.000000,85.000000,0.000000,
MOVENODE,10,25000000.000000,465.000000,225.000000,0.000000,
MOVENODE,11,25000000.000000,372.000000,24.000000,0.000000,
MOVENODE,12,25000000.000000,357.000000,4.000000,0.000000,
MOVENODE,13,25000000.000000,98.000000,85.000000,0.000000,
MOVENODE,14,25000000.000000,113.000000,17.000000,0.000000,
MOVENODE,15,25000000.000000,71.000000,35.000000,0.000000,
MOVENODE,16,25000000.000000,241.000000,111.000000,0.000000,
MOVENODE,17,25000000.000000,138.000000,113.000000,0.000000,
MOVENODE,18,25000000.000000,232.000000,63.000000,0.000000,
MOVENODE,19,25000000.000000,308.000000,73.000000,0.000000,
MOVENODE,20,25000000.000000,380.000000,73.000000,0.000000,
MOVENODE,21,25000000.000000,308.000000,113.000000,0.000000,
MOVENODE,22,25000000.000000,348.000000,146.000000,0.000000,
MOVENODE,23,25000000.000000,195.000000,139.000000,0.000000,
MOVENODE,24,25000000.000000,305.000000,104.000000,0.000000,
MOVENODE,25,25000000.000000,152.000000,193.000000,0.000000,
MOVENODE,26,25000000.000000,0.000000,72.000000,0.000000,
MOVENODE,27,25000000.000000,15.000000,153.000000,0.000000,
MOVENODE,28,25000000.000000,126.000000,115.000000,0.000000,
MOVENODE,29,25000000.000000,344.000000,164.000000,0.000000,
MOVENODE,30,25000000.000000,367.000000,143.000000,0.000000,
MOVENODE,31,25000000.000000,440.000000,171.000000,0.000000,
MOVENODE,32,25000000.000000,435.000000,21.000000,0.000000,
MOVENODE,33,25000000.000000,8.000000,104.000000,0.000000,
MOVENODE,34,25000000.000000,10.000000,178.000000,0.000000,
MOVENODE,35,25000000.000000,28.000000,209.000000,0.000000,
MOVENODE,36,25000000.000000,107.000000,188.000000,0.000000,
MOVENODE,37,25000000.000000,217.000000,215.000000,0.000000,
MOVENODE,38,25000000.000000,154.000000,207.000000,0.000000,
MOVENODE,39,25000000.000000,180.000000,245.000000,0.000000,
MOVENODE,40,25000000.000000,262.000000,229.000000,0.000000,
MOVENODE,41,25000000.000000,337.000000,216.000000,0.000000,
MOVENODE,42,25000000.000000,470.000000,186.000000,0.000000,
MOVENODE,43,25000000.000000,63.000000,196.000000,0.000000,
MOVENODE,44,25000000.000000,111.000000,213.000000,0.000000,
MOVENODE,45,25000000.000000,174.000000,137.000000,0.000000,
MOVENODE,46,25000000.000000,219.000000,175.000000,0.000000,
MOVENODE,47,25000000.000000,313.000000,225.000000,0.000000,
MOVENODE,48,25000000.000000,368.000000,210.000000,0.000000,
MOVENODE,49,25000000.000000,412.000000,216.000000,0.000000,
MOVENODE,50,25000000.000000,272.000000,141.000000,0.000000,
MOVENODE,1,26000000.000000,1.000000,22.000000,0.000000,
MOVENODE,2,26000000.000000,46.000000,106.000000,0.000000,
MOVENODE,3,26000000.000000,180.000000,66.000000,0.000000,
MOVENODE,4,26000000.000000,131.000000,1.000000,0.000000,
MOVENODE,5,26000000.000000,394.000000,50.000000,0.000000,
MOVENODE,6,26000000.000000,419.000000,87.000000,0.000000,
MOVENODE,7,26000000.000000,260.000000,206.000000,0.000000,
MOVENODE,8,26000000.000000,339.000000,42.000000,0.000000,
MOVENODE,9,26000000.000000,423.000000,85.000000,0.000000,
MOVENODE,10,26000000.000000,465.000000,225.000000,0.000000,
MOVENODE,11,26000000.000000,372.000000,24.000000,0.000000,
MOVENODE,12,26000000.000000,357.000000,4.000000,0.000000,
MOVENODE,13,26000000.000000,98.000000,85.000000,0.000000,
MOVENODE,14,26000000.000000,113.000000,17.000000,0.000000,
MOVENODE,15,26000000.000000,71.000000,35.000000,0.000000,
MOVENODE,16,26000000.000000,241.000000,111.000000,0.000000,
MOVENODE,17,26000000.000000,138.000000,113.000000,0.000000,
MOVENODE,18,26000000.000000,232.000000,63.000000,0.000000,
MOVENODE,19,26000000.000000,308.000000,73.000000,0.000000,
MOVENODE,20,26000000.000000,380.000000,73.000000,0.000000,
MOVENODE,21,26000000.000000,308.000000,113.000000,0.000000,
MOVENODE,22,26000000.000000,348.000000,146.000000,0.000000,
MOVENODE,23,26000000.000000,195.000000,139.000000,0.000000,
MOVENODE,24,26000000.000000,305.000000,104.000000,0.000000,
MOVENODE,25,26000000.000000,152.000000,193.000000,0.000000,
MOVENODE,26,26000000.000000,0.000000,72.000000,0.000000,
MOVENODE,27,26000000.000000,15.000000,153.000000,0.000000,
MOVENODE,28,26000000.000000,126.000000,115.000000,0.000000,
MOVENODE,29,26000000.000000,344.000000,164.000000,0.000000,
MOVENODE,30,26000000.000000,367.000000,143.000000,0.000000,
MOVENODE,31,26000000.000000,440.000000,171.000000,0.000000,
MOVENODE,32,26000000.000000,435.000000,21.000000,0.000000,
MOVENODE,33,26000000.000000,8.000000,104.000000,0.000000,
MOVENODE,34,26000000.000000,10.000000,178.000000,0.000000,
MOVENODE,35,26000000.000000,28.000000,209.000000,0.000000,
MOVENODE,36,26000000.000000,107.000000,188.000000,0.000000,
MOVENODE,37,26000000.000000,217.000000,215.000000,0.000000,
MOVENODE,38,26000000.000000,154.000000,207.000000,0.000000,
MOVENODE,39,26000000.000000,180.000000,245.000000,0.000000,
MOVENODE,40,26000000.000000,262.000000,229.000000,0.000000,
MOVENODE,41,26000000.000000,337.000000,216.000000,0.000000,
MOVENODE,42,26000000.000000,470.000000,186.000000,0.000000,
MOVENODE,43,26000000.000000,63.000000,196.000000,0.000000,
MOVENODE,44,26000000.000000,111.000000,213.000000,0.000000,
MOVENODE,45,26000000.000000,174.000000,137.000000,0.000000,
MOVENODE,46,26000000.000000,219.000000,175.000000,0.000000,
MOVENODE,47,26000000.000000,313.000000,225.000000,0.000000,
MOVENODE,48,26000000.000000,368.000000,210.000000,0.000000,
MOVENODE,49,26000000.000000,412.000000,216.000000,0.000000,
MOVENODE,50,26000000.000000,272.000000,141.000000,0.000000,
MOVENODE,1,27000000.000000,2.000000,23.000000,0.000000,
MOVENODE,2,27000000.000000,53.000000,106.000000,0.000000,
MOVENODE,3,27000000.000000,179.000000,66.000000,0.000000,
MOVENODE,4,27000000.000000,130.000000,6.000000,0.000000,
MOVENODE,5,27000000.000000,385.000000,51.000000,0.000000,
MOVENODE,6,27000000.000000,418.000000,78.000000,0.000000,
MOVENODE,7,27000000.000000,259.000000,200.000000,0.000000,
MOVENODE,8,27000000.000000,339.000000,39.000000,0.000000,
MOVENODE,9,27000000.000000,421.000000,86.000000,0.000000,
MOVENODE,10,27000000.000000,466.000000,222.000000,0.000000,
MOVENODE,11,27000000.000000,366.000000,29.000000,0.000000,
MOVENODE,12,27000000.000000,357.000000,5.000000,0.000000,
MOVENODE,13,27000000.000000,99.000000,84.000000,0.000000,
MOVENODE,14,27000000.000000,104.000000,16.000000,0.000000,
MOVENODE,15,27000000.000000,71.000000,36.000000,0.000000,
MOVENODE,16,27000000.000000,240.000000,111.000000,0.000000,
MOVENODE,17,27000000.000000,139.000000,116.000000,0.000000,
MOVENODE,18,27000000.000000,231.000000,64.000000,0.000000,
MOVENODE,19,27000000.000000,309.000000,71.000000,0.000000,
MOVENODE,20,27000000.000000,369.000000,72.000000,0.000000,
MOVENODE,21,27000000.000000,309.000000,113.000000,0.000000,
MOVENODE,22,27000000.000000,358.000000,142.000000,0.000000,
MOVENODE,23,27000000.000000,191.000000,121.000000,0.000000,
MOVENODE,24,27000000.000000,305.000000,105.000000,0.000000,
MOVENODE,25,27000000.000000,150.000000,192.000000,0.000000,
MOVENODE,26,27000000.000000,1.000000,75.000000,0.000000,
MOVENODE,27,27000000.000000,15.000000,154.000000,0.000000,
MOVENODE,28,27000000.000000,127.000000,114.000000,0.000000,
MOVENODE,29,27000000.000000,339.000000,163.000000,0.000000,
MOVENODE,30,27000000.000000,367.000000,144.000000,0.000000,
MOVENODE,31,27000000.000000,438.000000,172.000000,0.000000,
MOVENODE,32,27000000.000000,436.000000,21.000000,0.000000,
MOVENODE,33,27000000.000000,3.000000,97.000000,0.000000,
MOVENODE,34,27000000.000000,20.000000,179.000000,0.000000,
MOVENODE,35,27000000.000000,29.000000,209.000000,0.000000,
MOVENODE,36,27000000.000000,106.000000,189.000000,0.000000,
MOVENODE,37,27000000.000000,220.000000,215.000000,0.000000,
MOVENODE,38,27000000.000000,161.000000,208.000000,0.000000,
MOVENODE,39,27000000.000000,170.000000,248.000000,0.000000,
MOVENODE,40,27000000.000000,261.000000,228.000000,0.000000,
MOVENODE,41,27000000.000000,336.000000,215.000000,0.000000,
MOVENODE,42,27000000.000000,469.000000,187.000000,0.000000,
MOVENODE,43,27000000.000000,60.000000,197.000000,0.000000,
MOVENODE,44,27000000.000000,112.000000,213.000000,0.000000,
MOVENODE,45,27000000.000000,173.000000,143.000000,0.000000,
MOVENODE,46,27000000.000000,214.000000,175.000000,0.000000,
MOVENODE,47,27000000.000000,306.000000,226.000000,0.000000,
MOVENODE,48,27000000.000000,367.000000,217.000000,0.000000,
MOVENODE,49,27000000.000000,416.000000,216.000000,0.000000,
MOVENODE,50,27000000.000000,272.000000,122.000000,0.000000,
MOVENODE,1,28000000.000000,2.000000,23.000000,0.000000,
MOVENODE,2,28000000.000000,53.000000,106.000000,0.000000,
MOVENODE,3,28000000.000000,179.000000,66.000000,0.000000,
MOVENODE,4,28000000.000000,130.000000,6.000000,0.000000,
MOVENODE,5,28000000.000000,385.000000,51.000000,0.000000,
MOVENODE,6,28000000.000000,418.000000,78.000000,0.000000,
MOVENODE,7,28000000.000000,259.000000,200.000000,0.000000,
MOVENODE,8,28000000.000000,339.000000,39.000000,0.000000,
MOVENODE,9,28000000.000000,421.000000,86.000000,0.000000,
MOVENODE,10,28000000.000000,466.000000,222.000000,0.000000,
MOVENODE,11,28000000.000000,366.000000,29.000000,0.000000,
MOVENODE,12,28000000.000000,357.000000,5.000000,0.000000,
MOVENODE,13,28000000.000000,99.000000,84.000000,0.000000,
MOVENODE,14,28000000.000000,104.000000,16.000000,0.000000,
MOVENODE,15,28000000.000000,71.000000,36.000000,0.000000,
MOVENODE,16,28000000.000000,240.000000,111.000000,0.000000,
MOVENODE,17,28000000.000000,139.000000,116.000000,0.000000,
MOVENODE,18,28000000.000000,231.000000,64.000000,0.000000,
MOVENODE,19,28000000.000000,309.000000,71.000000,0.000000,
MOVENODE,20,28000000.000000,369.000000,72.000000,0.000000,
MOVENODE,21,28000000.000000,309.000000,113.000000,0.000000,
MOVENODE,22,28000000.000000,358.000000,142.000000,0.000000,
MOVENODE,23,28000000.000000,191.000000,121.000000,0.000000,
MOVENODE,24,28000000.000000,305.000000,105.000000,0.000000,
MOVENODE,25,28000000.000000,150.000000,192.000000,0.000000,
MOVENODE,26,28000000.000000,1.000000,75.000000,0.000000,
MOVENODE,27,28000000.000000,15.000000,154.000000,0.000000,
MOVENODE,28,28000000.000000,127.000000,114.000000,0.000000,
MOVENODE,29,28000000.000000,339.000000,163.000000,0.000000,
MOVENODE,30,28000000.000000,367.000000,144.000000,0.000000,
MOVENODE,31,28000000.000000,438.000000,172.000000,0.000000,
MOVENODE,32,28000000.000000,436.000000,21.000000,0.000000,
MOVENODE,33,28000000.000000,3.000000,97.000000,0.000000,
MOVENODE,34,28000000.000000,20.000000,179.000000,0.000000,
MOVENODE,35,28000000.000000,29.000000,209.000000,0.000000,
MOVENODE,36,28000000.000000,106.000000,189.000000,0.000000,
MOVENODE,37,28000000.000000,220.000000,215.000000,0.000000,
MOVENODE,38,28000000.000000,161.000000,208.000000,0.000000,
MOVENODE,39,28000000.000000,170.000000,248.000000,0.000000,
MOVENODE,40,28000000.000000,261.000000,228.000000,0.000000,
MOVENODE,41,28000000.000000,336.000000,215.000000,0.000000,
MOVENODE,42,28000000.000000,469.000000,187.000000,0.000000,
MOVENODE,43,28000000.000000,60.000000,197.000000,0.000000,
MOVENODE,44,28000000.000000,112.000000,213.000000,0.000000,
MOVENODE,45,28000000.000000,173.000000,143.000000,0.000000,
MOVENODE,46,28000000.000000,214.000000,175.000000,0.000000,
MOVENODE,47,28000000.000000,306.000000,226.000000,0.000000,
MOVENODE,48,28000000.000000,367.000000,217.000000,0.000000,
MOVENODE,49,28000000.000000,416.000000,216.000000,0.000000,
MOVENODE,50,28000000.000000,272.000000,122.000000,0.000000,
MOVENODE,1,29000000.000000,3.000000,22.000000,0.000000,
MOVENODE,2,29000000.000000,51.000000,106.000000,0.000000,
MOVENODE,3,29000000.000000,180.000000,67.000000,0.000000,
MOVENODE,4,29000000.000000,124.000000,7.000000,0.000000,
MOVENODE,5,29000000.000000,387.000000,51.000000,0.000000,
MOVENODE,6,29000000.000000,416.000000,79.000000,0.000000,
MOVENODE,7,29000000.000000,252.000000,200.000000,0.000000,
MOVENODE,8,29000000.000000,340.000000,44.000000,0.000000,
MOVENODE,9,29000000.000000,422.000000,86.000000,0.000000,
MOVENODE,10,29000000.000000,466.000000,222.000000,0.000000,
MOVENODE,11,29000000.000000,366.000000,29.000000,0.000000,
MOVENODE,12,29000000.000000,356.000000,3.000000,0.000000,
MOVENODE,13,29000000.000000,88.000000,84.000000,0.000000,
MOVENODE,14,29000000.000000,105.000000,19.000000,0.000000,
MOVENODE,15,29000000.000000,68.000000,35.000000,0.000000,
MOVENODE,16,29000000.000000,242.000000,111.000000,0.000000,
MOVENODE,17,29000000.000000,148.000000,116.000000,0.000000,
MOVENODE,18,29000000.000000,230.000000,63.000000,0.000000,
MOVENODE,19,29000000.000000,308.000000,68.000000,0.000000,
MOVENODE,20,29000000.000000,369.000000,70.000000,0.000000,
MOVENODE,21,29000000.000000,309.000000,113.000000,0.000000,
MOVENODE,22,29000000.000000,359.000000,143.000000,0.000000,
MOVENODE,23,29000000.000000,189.000000,128.000000,0.000000,
MOVENODE,24,29000000.000000,306.000000,103.000000,0.000000,
MOVENODE,25,29000000.000000,149.000000,187.000000,0.000000,
MOVENODE,26,29000000.000000,1.000000,73.000000,0.000000,
MOVENODE,27,29000000.000000,15.000000,153.000000,0.000000,
MOVENODE,28,29000000.000000,128.000000,113.000000,0.000000,
MOVENODE,29,29000000.000000,337.000000,165.000000,0.000000,
MOVENODE,30,29000000.000000,359.000000,144.000000,0.000000,
MOVENODE,31,29000000.000000,448.000000,172.000000,0.000000,
MOVENODE,32,29000000.000000,435.000000,20.000000,0.000000,
MOVENODE,33,29000000.000000,3.000000,103.000000,0.000000,
MOVENODE,34,29000000.000000,16.000000,177.000000,0.000000,
MOVENODE,35,29000000.000000,30.000000,208.000000,0.000000,
MOVENODE,36,29000000.000000,105.000000,189.000000,0.000000,
MOVENODE,37,29000000.000000,219.000000,215.000000,0.000000,
MOVENODE,38,29000000.000000,164.000000,207.000000,0.000000,
MOVENODE,39,29000000.000000,169.000000,255.000000,0.000000,
MOVENODE,40,29000000.000000,261.000000,223.000000,0.000000,
MOVENODE,41,29000000.000000,337.000000,216.000000,0.000000,
MOVENODE,42,29000000.000000,470.000000,188.000000,0.000000,
MOVENODE,43,29000000.000000,62.000000,198.000000,0.000000,
MOVENODE,44,29000000.000000,113.000000,212.000000,0.000000,
MOVENODE,45,29000000.000000,172.000000,144.000000,0.000000,
MOVENODE,46,29000000.000000,220.000000,171.000000,0.000000,
MOVENODE,47,29000000.000000,310.000000,225.000000,0.000000,
MOVENODE,48,29000000.000000,363.000000,217.000000,0.000000,
MOVENODE,49,29000000.000000,414.000000,208.000000,0.000000,
MOVENODE,50,29000000.000000,257.000000,121.000000,0.000000,
